"","time","country","estimated_deaths_forecast","estimated_deaths_forecast_min","estimated_deaths_forecast_max","estimated_deaths_forecast_c","estimated_deaths_forecast_min_c","estimated_deaths_forecast_max_c","estimated_cases_forecast_c","estimated_cases_forecast_min_c","estimated_cases_forecast_max_c","estimated_cases_forecast","estimated_cases_forecast_min","estimated_cases_forecast_max","rt","rt_min","rt_max"
"1",2020-05-10,"Auvergne-Rhône-Alpes",11.6945018262238,8.49851199001386,15.8768988983806,1525.41552533962,1270.30603133904,1822.02710516249,136309.7771425,97541.3713710078,187152.316179158,271.996197284653,111.885835944301,538.729721051837,0.766864252215341,0.675298587272187,0.857273098716823
"2",2020-05-11,"Auvergne-Rhône-Alpes",11.0605990514978,7.90352609896823,15.1556438238605,1536.47612439111,1278.20955743801,1837.18274898635,136571.770556788,97646.8111716523,187678.028999996,261.993414288022,105.439800644423,525.712820838511,0.766837138591485,0.675290706067186,0.857219050619893
"3",2020-05-12,"Auvergne-Rhône-Alpes",10.4642199924686,7.37413133612067,14.5223545012927,1546.94034438358,1285.58368877413,1851.70510348764,136824.596620106,97746.7881280243,188190.415345409,252.826063318171,99.9769563720794,512.386345412467,0.766811009476282,0.675283275676667,0.857166426573744
"4",2020-05-13,"Auvergne-Rhône-Alpes",9.90405275854232,6.86707975846225,13.9508628261987,1556.84439714212,1292.45076853259,1865.65596631384,137068.863371151,97841.7790169434,188690.692238694,244.266751044426,94.990888919099,500.276893285573,0.766785782478352,0.675276250596151,0.857115071748244
"5",2020-05-14,"Auvergne-Rhône-Alpes",9.37808338640071,6.38691366910273,13.4122212567416,1566.22248052852,1298.83768220169,1879.06818757058,137305.016452703,97932.1318840196,189178.90267806,236.153081551977,90.3528670761313,488.210439366007,0.766761397786399,0.675269597038746,0.857064880881139
"6",2020-05-15,"Auvergne-Rhône-Alpes",8.8845215319819,5.92125890074658,12.8975529106062,1575.10700206051,1304.75894110244,1891.96574048119,137533.404553202,98018.1237398068,189655.96703873,228.3881004994,85.9918557872744,477.064360669841,0.766737811727939,0.675263289250768,0.857015787998053
"7",2020-05-16,"Auvergne-Rhône-Alpes",8.42189306838321,5.51921612400289,12.4073774121419,1583.52889512889,1310.27815722644,1904.37311789333,137754.322703537,98099.9841017913,190122.792667596,220.91815033521,81.8603619845109,466.825628865768,0.766714990253655,0.67525730638506,0.856967750697116
"8",2020-05-17,"Auvergne-Rhône-Alpes",7.98839889663783,5.12755761880415,11.8843829635751,1591.51729402553,1315.40571484525,1916.2575008569,137968.036656024,98177.9180965165,190579.60951979,213.713952486893,77.9339947251287,456.816852193987,0.766692904623696,0.67525163049667,0.856920738944588
"9",2020-05-18,"Auvergne-Rhône-Alpes",7.58249567174752,4.77758570571577,11.4156710682679,1599.09978969728,1320.18330055096,1927.67317192517,138174.7952079,98252.2549951999,191026.797629394,206.758551875775,74.336898683413,447.188109604415,0.766671528979392,0.675246245409608,0.856874728597764
"10",2020-05-19,"Auvergne-Rhône-Alpes",7.20281734902921,4.44249868496832,10.9961910988098,1606.3026070463,1324.62579923593,1938.66936302398,138374.83588369,98322.6510191585,191464.815501417,200.040675789882,70.3960239586198,438.017872023156,0.76665083911702,0.675241136126506,0.856829698118215
"11",2020-05-20,"Auvergne-Rhône-Alpes",6.84773915912583,4.14788137646185,10.6015968687277,1613.15034620543,1328.77368061239,1949.27095989271,138568.387337793,98389.3036848355,191893.252230801,193.551454103742,66.6526656769584,428.436729383673,0.766630811923566,0.675236288538053,0.856785627086371
"12",2020-05-21,"Auvergne-Rhône-Alpes",6.51553002827076,3.85543050447882,10.2324743020696,1619.6658762337,1332.62911111687,1959.50343419478,138755.670301873,98452.4117000163,192312.292822596,187.282964079547,63.1080151808171,419.040591795194,0.766611425139291,0.675231689283214,0.856742495615384
"13",2020-05-22,"Auvergne-Rhône-Alpes",6.20474183072253,3.6149729528345,9.87912925329798,1625.87061806442,1336.24408406971,1969.38256344808,138936.897967255,98512.2781966748,192722.136353138,181.227665382422,59.866496658489,409.843530541235,0.766592657265074,0.675227325678879,0.856700284164706
"14",2020-05-23,"Auvergne-Rhône-Alpes",5.91408902668065,3.37503204948449,9.54577362577454,1631.7847070911,1339.61911611919,1978.92833707385,139112.276191719,98569.1334008758,193123.017909912,175.378224463456,56.855204201045,400.881556774486,0.7665744875259,0.675223185678488,0.856658973507471
"15",2020-05-24,"Auvergne-Rhône-Alpes",5.64215897396571,3.15333872678278,9.2322680220231,1637.42686606507,1342.77245484597,1988.16060509587,139282.003678142,98622.9904157846,193515.118321917,169.727486423238,53.8570149087567,392.100412005435,0.766556895851671,0.675219257841308,0.856618544743854
"16",2020-05-25,"Auvergne-Rhône-Alpes",5.38759673215694,2.9485028338849,8.93955496112487,1642.81446279723,1345.72095767986,1997.100160057,139446.272167841,98674.3086319634,193897.613258951,164.268489698714,51.3182161788865,382.494937033154,0.766539862860709,0.675215531305017,0.856578979319699
"17",2020-05-26,"Auvergne-Rhône-Alpes",5.14940617729753,2.7592167294953,8.65877650829147,1647.96386897452,1348.48017440935,2005.75893656529,139605.266652397,98722.9762184791,194270.105393471,158.994484556529,48.667586515674,372.492134520296,0.766523369841715,0.675211995759142,0.856540259038694
"18",2020-05-27,"Auvergne-Rhône-Alpes",4.92601414935587,2.5841592982889,8.40552714053368,1652.88988312388,1351.06433370764,2014.16446370582,139759.165596879,98769.1865335425,194633.869720399,153.898944481955,46.2103150633633,363.764326927766,0.766507398733807,0.675208641418869,0.856502366067151
"19",2020-05-28,"Auvergne-Rhône-Alpes",4.71649930000533,2.42240390107308,8.16662748452526,1657.60638242389,1353.48673760872,2022.33109119035,139908.141166752,98813.1291308888,194989.837401913,148.975569872453,43.9425973462799,355.967681513982,0.766491932105383,0.675205458999362,0.856465282933399
"20",2020-05-29,"Auvergne-Rhône-Alpes",4.51972712226861,2.27537630340196,7.94094362029917,1662.12610954615,1355.76211391212,2030.27203481065,140052.359452981,98854.899872374,195338.818860633,144.218286228791,41.7707414851994,348.981458719839,0.766476953132555,0.675202439690835,0.856428992523938
"21",2020-05-30,"Auvergne-Rhône-Alpes",4.3345440304666,2.13900788607652,7.69877035040268,1666.46065357662,1357.9011217982,2037.97080516105,140191.980692077,98894.4107233345,195679.938376825,139.621239096818,39.510850960511,341.119516192058,0.7664624455777,0.675199575134574,0.856393478077884
"22",2020-05-31,"Auvergne-Rhône-Alpes",4.15991825111982,2.01069064130662,7.48111694897017,1670.62057182774,1359.9118124395,2045.45192211002,140327.159479444,98931.7839341607,196013.123878302,135.178787366803,37.3732108262319,333.185501477007,0.76644839376852,0.675196857399993,0.856358723180642
"23",2020-06-01,"Auvergne-Rhône-Alpes",3.99517849468454,1.89382087913224,7.27350072277815,1674.61575032243,1361.80563331863,2052.7254228328,140458.044975346,98967.1838660008,196338.534729587,130.885495901767,35.3999318400934,325.410851285606,0.766434782577646,0.675194278962788,0.856324711757292
"24",2020-06-02,"Auvergne-Rhône-Alpes",3.83943362207429,1.78512718643044,7.07632887375469,1678.4551839445,1363.59076050506,2059.80175170655,140584.781103365,99000.9295866472,196656.191818423,126.736128019379,33.7457206464058,317.657088836261,0.766421597403012,0.675191832684156,0.856291428065935
"25",2020-06-03,"Auvergne-Rhône-Alpes",3.69207231389061,1.68231839956441,6.88660325453313,1682.14725625839,1365.27307890463,2066.68835496109,140707.506741449,99033.0984324029,196965.793528653,122.725638083363,32.1688457557261,309.601710229513,0.766408824148894,0.675189511791058,0.8562588566911
"26",2020-06-04,"Auvergne-Rhône-Alpes",3.55250367265565,1.586901143849,6.70421753777237,1685.69975993105,1366.85998004848,2073.39257249886,140826.355905764,99063.7648731638,197267.827360754,118.849164315112,30.6664407609086,302.033832101175,0.766396449207651,0.675187309857495,0.856226982537259
"27",2020-06-05,"Auvergne-Rhône-Alpes",3.42018857837074,1.49573095726459,6.54707578392116,1689.11994850942,1368.35571100574,2079.93964828278,140941.457927628,99092.9932841147,197563.50104686,115.102021864625,29.2284109508318,295.673686105489,0.766384459442158,0.675185220786731,0.856195790822459
"28",2020-06-06,"Auvergne-Rhône-Alpes",3.29452618318884,1.40825261103107,6.39978205288022,1692.4144746926,1369.76396361677,2086.33943033566,141052.937623776,99120.7410635492,197852.731301031,111.479696147584,27.7477794345797,289.230254171759,0.766372842168883,0.675183238794425,0.856165267072073
"29",2020-06-07,"Auvergne-Rhône-Alpes",3.17508609221184,1.32920572061007,6.25766742568606,1695.58956078482,1371.09316933738,2092.59709776135,141160.915460219,99147.0832077778,198135.697156112,107.977836442625,26.3421442285125,282.965855080168,0.766361585141604,0.675181358392634,0.856135397112665
"30",2020-06-08,"Auvergne-Rhône-Alpes",3.06133671260106,1.2554296268476,6.11648167486533,1698.65089749742,1372.34859896423,2098.71357943621,141265.507709957,99172.0520177315,198412.267507697,104.592249738683,24.9688099537492,276.570351585118,0.766350676535713,0.675179574374629,0.85610616706597
"31",2020-06-09,"Auvergne-Rhône-Alpes",2.95285211526191,1.18640586252876,5.95174871547607,1701.60374961268,1373.53500482676,2104.66532815169,141366.826604779,99195.6806842522,198682.850242205,101.318894821622,23.6286665206876,270.582734508351,0.766340104933125,0.675177881800489,0.856077563342981
"32",2020-06-10,"Auvergne-Rhône-Alpes",2.84931818079398,1.12181049824325,5.79252633566766,1704.45306779347,1374.656815325,2110.45785448736,141464.980481369,99218.0411389203,198947.937453028,98.1538765898226,22.3604546681449,265.087210823064,0.766329859307734,0.675176275983437,0.856049572638156
"33",2020-06-11,"Auvergne-Rhône-Alpes",2.75036980094801,1.06128259667058,5.63826410448659,1707.20343759442,1375.71809792167,2116.09611859184,141560.073921958,99239.2020280194,199207.329576643,95.0934405891275,21.1608890990123,259.392123615114,0.766319929011405,0.675174752476865,0.856022181923713
"34",2020-06-12,"Auvergne-Rhône-Alpes",2.65566871659109,1.00593989077537,5.48739148693246,1709.85910631101,1376.72403781245,2121.58351007878,141652.207889716,99259.2281216438,199461.108800472,92.1339677581613,20.0260936244717,253.779223828525,0.766310303760486,0.675173307062039,0.855995378444049
"35",2020-06-13,"Auvergne-Rhône-Alpes",2.56499271812053,0.953329107387453,5.34054198187893,1712.42409902913,1377.67736691984,2126.92405206065,141741.479859092,99278.2042733429,199708.977108846,89.2719693756172,18.9761516991175,247.868308374615,0.766300973622836,0.675171935736419,0.855969149710248
"36",2020-06-14,"Auvergne-Rhône-Alpes",2.47804988241493,0.900674057921848,5.1961796583448,1714.90214891155,1378.57804097776,2132.120231719,141827.983941293,99296.2647065463,199951.314314695,86.5040822015043,18.0604332033583,242.337205848707,0.766291929005285,0.675170634702584,0.855943483494702
"37",2020-06-15,"Auvergne-Rhône-Alpes",2.3945983504024,0.854530787977159,5.06777979882237,1717.29674726195,1379.43257176574,2137.18801151782,141911.811005098,99313.4551553591,200188.131232178,83.8270638047312,17.1904488127884,236.81691748262,0.76628316064162,0.675169400357725,0.855918367825823
"38",2020-06-16,"Auvergne-Rhône-Alpes",2.31445017140375,0.81050681125035,4.9450148052519,1719.61119743335,1380.24307857699,2142.13302632307,141993.048793168,99329.81752556,200419.552791744,81.2377880697275,16.3623702009602,231.421559566108,0.766274659580952,0.675168229283672,0.855893790982863
"39",2020-06-17,"Auvergne-Rhône-Alpes",2.23746148664404,0.767440405442412,4.84514370414999,1721.84865892,1381.01051898243,2146.97817002722,142071.782034043,99345.391704646,200645.709237117,78.7332408750915,15.5741790859977,226.156445373374,0.766266417176563,0.675167118237435,0.855869741490821
"40",2020-06-18,"Auvergne-Rhône-Alpes",2.16343277635032,0.726827622191903,4.74036847111765,1724.01209169635,1381.73734660462,2151.71853849834,142148.09254998,99360.1552079417,200867.700039109,76.3105159375413,14.7635032956585,221.99080199191,0.76625842507511,0.675166064142225,0.855846208115457
"41",2020-06-19,"Auvergne-Rhône-Alpes",2.09221659971746,0.689732875689489,4.63591663273048,1726.10430829607,1382.42707948031,2156.35445513107,142222.059360795,99374.1352010701,201085.637624937,73.9668108147083,13.9799931283428,217.937585828373,0.766250675206283,0.675165064078944,0.855823179858391
"42",2020-06-20,"Auvergne-Rhône-Alpes",2.02366973709788,0.653852531348968,4.53411538478908,1728.12797803316,1383.08093201166,2160.88857051586,142293.758783856,99387.3732669612,201298.895619695,71.699423060569,13.2380658911325,213.257994757556,0.76624315977278,0.675164115278099,0.855800645952302
"43",2020-06-21,"Auvergne-Rhône-Alpes",1.95762058336962,0.620337723914955,4.43663376584295,1730.08559861653,1383.70126973557,2165.3252042817,142363.264530383,99399.9087816738,201507.563570328,69.5057465275503,12.5355147125896,208.667950633424,0.766235871240708,0.675163215112139,0.855778595856214
"44",2020-05-10,"Bourgogne-Franche-Comté",5.92691800785631,4.11936225178541,8.32030037098174,985.005633276131,800.225090443872,1195.17768128077,84921.8513319816,58230.5023762446,121236.761499339,103.603278422475,32.1273562012661,238.892727016864,0.716416720056482,0.600738168971601,0.844082660370005
"45",2020-05-11,"Bourgogne-Franche-Comté",5.54847697065056,3.77838226769037,7.91325712339449,990.554110246782,804.003472711563,1203.09093840416,85020.7657513729,58260.3617336589,121468.523334999,98.9144193913552,29.8593574142487,231.761835659922,0.716388302922819,0.600730228598065,0.844010733122448
"46",2020-05-12,"Bourgogne-Franche-Comté",5.19564822858974,3.46224306574083,7.54848165122918,995.749758475372,807.465715777304,1210.63942005539,85115.4328577304,58288.1503325342,121693.94036607,94.6671063574399,27.7885988753399,225.417031070995,0.716361150072705,0.600722854051748,0.843940882569884
"47",2020-05-13,"Bourgogne-Franche-Comté",4.86722078482364,3.1678674385007,7.1783256073127,1000.6169792602,810.633583215804,1217.8177456627,85206.1870658231,58314.1178681655,121913.471628651,90.7542080927695,25.9675356312738,219.531262581373,0.716335141630106,0.60071598638041,0.843872878267297
"48",2020-05-14,"Bourgogne-Franche-Comté",4.56158018549288,2.89784652054452,6.84732173889035,1005.17855944569,813.531429736349,1224.66506740159,85293.2775141058,58338.4493551506,122126.093956925,87.0904482826741,24.3314869850659,212.622328274183,0.716310187250856,0.600709578482461,0.843806564189384
"49",2020-05-15,"Bourgogne-Franche-Comté",4.27728828351442,2.65532878193612,6.54811830316625,1009.4558477292,816.186758518285,1231.21318570476,85376.8991892449,58361.2696765295,122334.273563849,83.6216751391,22.820321378924,208.179606923168,0.716286220056817,0.600703592620442,0.843739366985218
"50",2020-05-16,"Bourgogne-Franche-Comté",4.01306495681435,2.4367580417735,6.26601075298123,1013.46891268602,818.623516560058,1237.47919645774,85457.215401209,58382.6783130987,122535.877113319,80.3162119641127,21.4086365692404,201.60354947008,0.7162631880165,0.600697997425837,0.843667012243162
"51",2020-05-17,"Bourgogne-Franche-Comté",3.76756847632395,2.2324616972007,5.99161369248549,1017.23648116234,820.855978257259,1243.47081015023,85534.3711779862,58402.7656807583,122732.446191882,77.1557767771737,20.0873676596074,196.569078563283,0.716241047730672,0.600692765730104,0.843596352381629
"52",2020-05-18,"Bourgogne-Franche-Comté",3.53960381641569,2.04647421761175,5.7158814486764,1020.77608497876,822.902452474871,1249.1866915989,85608.5004106502,58421.614273816,122924.290845204,74.1292326639739,18.848593057652,191.844653322449,0.716219760736295,0.600687873217892,0.843527345142833
"53",2020-05-19,"Bourgogne-Franche-Comté",3.32811937082769,1.87737426459648,5.43999601155811,1024.10420434958,824.779826739467,1254.62668761046,85679.7293664424,58439.298780163,123111.181754458,71.2289557922311,17.6845063470379,186.890909253843,0.716199291540886,0.600683297652407,0.843459952005956
"54",2020-05-20,"Bourgogne-Franche-Comté",3.13193402167967,1.71911051458269,5.19840305270637,1027.23613837126,826.49893725405,1259.82509066317,85748.1783146423,58455.8910431013,123293.191977013,68.4489481999197,16.5922629382874,182.01022255477,0.716179606660782,0.600679018444394,0.843394136163169
"55",2020-05-21,"Bourgogne-Franche-Comté",2.94984443311557,1.57606310065402,4.98331755417629,1030.18598280438,828.075000354704,1264.80840821734,85813.9622630609,58471.4586669886,123469.541261614,65.7839484185447,15.5676238872865,176.349284601359,0.716160674179861,0.600675016409225,0.84332986173739
"56",2020-05-22,"Bourgogne-Franche-Comté",2.7808583410279,1.4448760618734,4.78333921948902,1032.96684114541,829.519876416577,1269.59174743683,85877.1913172384,58486.0658855,123641.817833101,63.2290541775832,14.6072185114027,172.276571486486,0.716142463552805,0.600671273619981,0.843267093541726
"57",2020-05-23,"Bourgogne-Franche-Comté",2.62406683145983,1.32669325076367,4.59479974485027,1035.59090797687,830.846569667341,1274.18654718168,85937.9709002281,58499.7718710156,123810.142347764,60.7795829896209,13.705985515543,168.324514662941,0.716124945511564,0.600667773306841,0.843205797042011
"58",2020-05-24,"Bourgogne-Franche-Comté",2.47855469766522,1.21912265503326,4.41744846712048,1038.06946267453,832.065692322374,1278.6039956488,85996.4019314616,58512.5874330765,123974.576874862,58.4310312335563,12.8155620609897,164.434527098687,0.716108092009564,0.600664499778099,0.843145938376722
"59",2020-05-25,"Bourgogne-Franche-Comté",2.34338106629397,1.12514157474353,4.25098140940899,1040.41284374083,833.190833897118,1282.85497705821,86052.580999045,58524.6388635203,124135.209974292,56.1790675833449,12.0514304437576,160.633099430016,0.716091876176694,0.600661438351442,0.843087484380678
"60",2020-05-26,"Bourgogne-Franche-Comté",2.21791734119522,1.03616033619688,4.09420726941026,1042.63076108202,834.226994233315,1286.94918432762,86106.6005335862,58535.9042287511,124292.128330932,54.0195345412333,11.2653652308304,156.918356639355,0.716076272275724,0.600658575290784,0.843030402598067
"61",2020-05-27,"Bourgogne-Franche-Comté",2.10120376693149,0.953491340998808,3.94601446046907,1044.73196484895,835.180485574314,1290.89519878809,86158.548982726,58546.4138225293,124445.41674522,51.9484491397739,10.5095937781459,153.288414288474,0.716061255658022,0.600655897746883,0.842974661284433
"62",2020-05-28,"Bourgogne-Franche-Comté",1.99264350088006,0.878631100758685,3.80425332364153,1046.72460834983,836.059116675072,1294.69945211173,86208.5109836091,58556.2183501081,124594.959219342,49.9620008831413,9.80452757884542,149.542474121534,0.716046802718824,0.600653393701218,0.842920229400912
"63",2020-05-29,"Bourgogne-Franche-Comté",1.89150670274391,0.815836785060682,3.6749148331746,1048.61611505258,836.874953460133,1298.37436694491,86256.5675309503,58565.4377827085,124741.101214656,48.0565473411695,9.21943260036789,146.14199531392,0.716032890852885,0.600651051912991,0.84286707660392
"64",2020-05-30,"Bourgogne-Franche-Comté",1.79712307744686,0.755230004467167,3.54953153834102,1050.41323813002,837.6301834646,1301.92389848325,86302.7961392338,58574.1328407902,124883.919117437,46.228608283501,8.6950580816847,142.817902781735,0.716019498411165,0.600648861869201,0.842815173232509
"65",2020-05-31,"Bourgogne-Franche-Comté",1.70884070877637,0.699156804905812,3.43242264805044,1052.1220788388,838.329340269506,1305.3563211313,86347.2709983353,58582.2872238392,125023.487640605,44.4748591014585,8.1543830490662,139.56852316751,0.716006604658943,0.600646813737744,0.842764490294732
"66",2020-06-01,"Bourgogne-Franche-Comté",1.62624451546111,0.650392649900654,3.32126095465435,1053.74832335426,838.979732919407,1308.67758208595,86390.0631223448,58589.8881961821,125159.751683389,42.7921240095195,7.60097234290854,136.264042784093,0.71599418973561,0.600644898323426,0.842714999453694
"67",2020-06-02,"Bourgogne-Franche-Comté",1.54880835538809,0.60488119523745,3.21399990073913,1055.29713170965,839.584614114644,1311.89158198669,86431.2404916517,58597.0005768347,125292.616633886,41.1773693069696,7.11238065256572,132.864950497062,0.715982234616162,0.600643107026759,0.842666673013655
"68",2020-06-03,"Bourgogne-Franche-Comté",1.47613868653165,0.560202199758106,3.1129565217276,1056.77327039618,840.144816314402,1315.00453850842,86470.8681884932,58603.6707376996,125421.721896945,39.627696841446,6.67016086493081,129.105263058932,0.715970721074411,0.6006414318054,0.842619483906309
"69",2020-06-04,"Bourgogne-Franche-Comté",1.40791201675999,0.516590429222204,3.01623326531674,1058.18118241294,840.661406743624,1318.02077177374,86509.008526229,58609.9264623651,125547.672727045,38.1403377358192,6.2557246654297,125.950830100016,0.715959631647876,0.600639865138064,0.842573405677307
"70",2020-06-05,"Bourgogne-Franche-Comté",1.34380514028148,0.47666957769988,2.90947861142764,1059.52498755322,841.138076321324,1320.93025038517,86545.7211726268,58615.7835222648,125670.485198124,36.7126463978086,5.85705989976101,122.812471078603,0.715948949604246,0.60063839999078,0.842528412473035
"71",2020-06-06,"Bourgogne-Franche-Comté",1.28345889745831,0.442725264733231,2.8214754943936,1060.80844645068,841.580801586058,1323.75172587956,86581.0632674385,58621.27664298,125789.777324168,35.3420948116404,5.49312071516206,119.292126044037,0.715938658909407,0.600637029785315,0.842484479027649
"72",2020-06-07,"Bourgogne-Franche-Comté",1.22661272918758,0.413185852788271,2.74468701192375,1062.03505917987,841.993987438846,1326.49641289148,86615.089534541,58626.4286225569,125905.860274125,34.0262671025082,5.15197957692137,116.08294995756,0.715928744196898,0.60063574836966,0.84244158065036
"73",2020-06-08,"Bourgogne-Franche-Comté",1.17297205924471,0.383734086688513,2.66561960403941,1063.20803123911,842.377721525534,1329.16203249552,86647.8523889026,58631.2328176212,126018.669247486,32.7628543615883,4.80419506425983,112.808973360715,0.715919190738784,0.600634549990409,0.842399693212971
"74",2020-06-09,"Bourgogne-Franche-Comté",1.12226464531769,0.357604237443448,2.58570928514333,1064.33029588443,842.735325762978,1331.74774178067,86679.4020386213,58635.7392405181,126128.108543376,31.5496497187903,4.50642289689864,109.439295889935,0.715909984417811,0.600633429266942,0.842358793137648
"75",2020-06-10,"Bourgogne-Franche-Comté",1.0743006266604,0.333450827995724,2.50871417291844,1065.40459651109,843.068776590973,1334.25645595358,86709.7865822721,58639.9817057748,126234.278345937,30.3845436507946,4.2424652566909,106.169802560577,0.715901111700878,0.600632381167269,0.842318857384937
"76",2020-06-11,"Bourgogne-Franche-Comté",1.02886173961465,0.311714023791448,2.44200461167476,1066.43345825071,843.380490614765,1336.69846056526,86739.0521017847,58643.9669908907,126337.27588933,29.2655195125758,3.98528511593259,102.997543393608,0.715892559613673,0.600631400985448,0.842279863442009
"77",2020-06-12,"Bourgogne-Franche-Comté",0.985758175525981,0.290513047673848,2.37416333753112,1067.41921642623,843.671003662439,1339.07262390279,86767.242751066,58647.7045678796,126437.913957445,28.1906492812964,3.73757698891826,100.638068114737,0.71588431571646,0.600630484320461,0.84224178931114
"78",2020-06-13,"Bourgogne-Franche-Comté",0.944848187707032,0.271316075591323,2.31277727361993,1068.36406461394,843.94231973803,1341.38540117641,86794.4008405681,58651.1869779393,126536.321987393,27.1580895020911,3.4824100597084,98.4080299478793,0.715876368080979,0.600629627056453,0.842204613498422
"79",2020-06-14,"Bourgogne-Franche-Comté",0.905962331539053,0.253358808621578,2.25380439516118,1069.27002694548,844.195678546652,1343.63920557157,86820.5669179939,58654.4137223275,126632.276204056,26.1660774258393,3.22674438818687,95.9542166632099,0.715868705268351,0.600628825344265,0.842168315002683
"80",2020-06-15,"Bourgogne-Franche-Comté",0.8689508158903,0.236776854590312,2.18671882620239,1070.13897776137,844.432455401242,1345.82592439777,86845.7798453235,58657.4035722152,126725.664719866,25.212927329546,2.98984988774002,93.388515810131,0.715861316308016,0.600628075584146,0.842132873304651
"81",2020-06-16,"Bourgogne-Franche-Comté",0.833705152608241,0.221364523035217,2.12676898200159,1070.97268291398,844.653819924277,1347.95269337977,86870.0768723339,58660.1963170171,126816.555822208,24.2970270104332,2.79274480181925,90.8911023418216,0.71585419067759,0.600627374409603,0.842098268356313
"82",2020-06-17,"Bourgogne-Franche-Comté",0.800140966241936,0.206945064378915,2.07434132470448,1071.77282388022,844.860764988656,1350.02703470448,86893.4937067792,58662.8165080717,126905.226194925,23.4168344452977,2.62019105464855,88.6703727168625,0.71584731828363,0.600626718672278,0.842064480570504
"83",2020-06-18,"Bourgogne-Franche-Comté",0.768136449803682,0.192368631297697,2.02893637154878,1072.54096033002,845.053133619954,1352.05597107603,86916.0645813863,58665.2748108302,126991.881235203,22.5708746071073,2.45830275844267,86.6550402782902,0.715840689443275,0.600626075619137,0.842031490810699
"84",2020-06-19,"Bourgogne-Franche-Comté",0.737602600444955,0.179845578457025,1.97948998762923,1073.27856293047,845.232979198411,1354.03546106366,86937.8223178175,58667.5812657157,127076.566495376,21.757736431215,2.30645488556693,84.6852601731765,0.715834294866676,0.600624862926456,0.841999280381018
"85",2020-06-20,"Bourgogne-Franche-Comté",0.708454480773961,0.167851322422632,1.92576543354384,1073.98701741124,845.400830520833,1355.9612264972,86958.7983877415,58669.7374657473,127158.982312303,20.9760699239416,2.15620003152706,82.4158169270885,0.715828125640249,0.600623728817607,0.841967831016429
"86",2020-06-21,"Bourgogne-Franche-Comté",0.680594191098916,0.156899323521092,1.87349830736482,1074.66761160234,845.557729844354,1357.83472480457,86979.0229711481,58671.7445486348,127239.049115519,20.2245834066423,2.00708288755651,80.0668032153571,0.715822173210633,0.600622668200436,0.841937124873154
"87",2020-06-22,"Bourgogne-Franche-Comté",0.653978367276344,0.146978893819054,1.81744921426297,1075.32158996962,845.704708738174,1359.65217401883,86998.5250120368,58673.6128290327,127316.829957209,19.5020408887118,1.86828039787397,77.7808416903476,0.715816429369394,0.600621676312732,0.841907144519279
"88",2020-06-23,"Bourgogne-Franche-Comté",0.628517537682952,0.137461278297559,1.76286350642528,1075.9501075073,845.842170016471,1361.41503752525,87017.3322716001,58675.3519079905,127392.389851442,18.8072595633052,1.73907895779922,75.5598942328526,0.71581088623839,0.600620748700856,0.841877872925549
"89",2020-06-24,"Bourgogne-Franche-Comté",0.604159403504487,0.12879099708476,1.70997505185022,1076.5542669108,845.970961013556,1363.1250125771,87035.47137902,58676.9723076675,127465.7919775,18.139107419863,1.62039967703551,73.4021260579433,0.715805536255789,0.600619881199744,0.841849293456361
"90",2020-05-10,"Bretagne",0.889840577765365,0.49918434956929,1.44927936228349,232.235671914254,178.26798848429,301.172812523093,19470.0965514474,12352.6363822675,29564.9519144936,8.12247100687729,1.03674944598322,25.8933208150883,0.599599209891762,0.450535875086772,0.746351748103892
"91",2020-05-11,"Bretagne",0.815672911486289,0.445644215516564,1.35202375127722,233.051344825741,178.713632699806,302.52483627437,19477.7230659799,12353.5691383755,29589.6689850271,7.62651453252617,0.932756107955486,24.7170705335414,0.599597619048785,0.450535765683057,0.74634720998107
"92",2020-05-12,"Bretagne",0.74773390232566,0.3970961424956,1.26761425796525,233.799078728066,179.110728842302,303.792450532336,19484.8998791857,12354.4080073794,29613.3782654131,7.17681320577701,0.838869003933562,23.7092803859528,0.5995961232289,0.450535667681048,0.746342875442081
"93",2020-05-13,"Bretagne",0.685601884773681,0.353068636333778,1.18818527641722,234.48468061284,179.463797478636,304.980635808753,19491.6642821435,12355.1705227835,29636.0913557602,6.76440295773811,0.762515404100942,22.7130903471554,0.599594713599511,0.450535579573915,0.746338723140048
"94",2020-05-14,"Bretagne",0.628788823825017,0.312023219642464,1.11125514141745,235.113469436665,179.775820698278,306.09189095017,19498.0464575988,12355.8645759793,29657.8206151239,6.38217545538181,0.694053195778216,21.7292593636553,0.599593383071678,0.450535500151763,0.746334738671642
"95",2020-05-15,"Bretagne",0.57687099091881,0.276415196832579,1.04300356901176,235.690340427584,180.052235895111,307.134894519182,19504.0717668051,12356.496807697,29678.7036264535,6.02530920628963,0.632231717743721,20.8830113296611,0.599592125934511,0.450535428435099,0.746330911950751
"96",2020-05-16,"Bretagne",0.529467513837672,0.245495872123806,0.98111268326933,236.219807941421,180.297731767235,308.116007202451,19509.7623991046,12357.0720058223,29698.7726951145,5.69063229943494,0.575198125237248,20.0690686609567,0.599590937405322,0.450535363609836,0.746327235292127
"97",2020-05-17,"Bretagne",0.486241145569141,0.216915894759494,0.923167910503022,236.706049086991,180.514647661994,309.039175112954,19515.1383865876,12357.5928372551,29717.9024828424,5.37598748306504,0.520831432792471,19.1297877278782,0.599589813306125,0.450535304980437,0.74632370227331
"98",2020-05-18,"Bretagne",0.446844432494263,0.192059890671002,0.869141934579053,237.152893519485,180.706707552665,309.908317047533,19520.2181807138,12358.0617346623,29736.2129245824,5.07979412614811,0.468897407233322,18.3104417400364,0.599588749865592,0.450535251939264,0.746320307134345
"99",2020-05-19,"Bretagne",0.410958916953554,0.169609090434389,0.817436404856207,237.563852436438,180.876316643099,310.72575345239,19525.0189691754,12358.4815621183,29753.6914133288,4.80078846165592,0.419827456004233,17.4784887464123,0.599587743607309,0.450535203947208,0.746317044490091
"100",2020-05-20,"Bretagne",0.378271671516415,0.150138664613993,0.76806689204867,237.942124107955,181.026455307713,311.493820344438,19529.5568528075,12358.8574590685,29770.3734481754,4.5378836320364,0.375896950207105,16.6820348465978,0.599586791289033,0.450535160521334,0.746313909204614
"101",2020-05-21,"Bretagne",0.348478123267416,0.13292283908673,0.720691273717234,238.290602231222,181.1593781468,312.214511618156,19533.8469524447,12359.194024179,29786.2926514916,4.2900996371967,0.336565110511365,15.9192033162215,0.599585889869302,0.450535121226664,0.746310896341562
"102",2020-05-22,"Bretagne",0.321317833712456,0.117660130488235,0.67806050444175,238.611920064935,181.277038277288,312.892572122597,19537.9034827227,12359.4966111896,29801.4838342231,4.05653027807415,0.302587010596512,15.1911827314784,0.59958503648764,0.450535085670289,0.746308001146321
"103",2020-05-23,"Bretagne",0.296565142795787,0.10416515325776,0.6434459405053,238.908485207731,181.381203430546,313.536018063103,19541.7398108127,12359.7707647604,29815.9890315518,3.83632808994986,0.274153570762388,14.5051973286721,0.59958422845112,0.450535053496822,0.74630521903947
"104",2020-05-24,"Bretagne",0.274003522115276,0.0922799990528842,0.61244692702748,239.182488729846,181.473483429599,314.14846499013,19545.3685081036,12360.0191570642,29829.8653326975,3.62869729091455,0.248392303843768,13.8763011457003,0.599583463223739,0.450535024384645,0.746302545613053
"105",2020-05-25,"Bretagne",0.253429731342993,0.0821293803285007,0.578595736943426,239.435918461189,181.555612809928,314.727060727074,19548.8013980487,12360.2444701056,29843.13998849,3.43288994507419,0.22531304140059,13.2746557924799,0.59958273841711,0.45053499804265,0.74629997662678
"106",2020-05-26,"Bretagne",0.234689886246332,0.0727048527884479,0.546671804355125,239.670608347435,181.628317662716,315.273732531429,19552.0496012884,12360.448842457,29855.8390752681,3.24820323969908,0.20437235140022,12.6990867781146,0.599582051781808,0.450534974207353,0.74629750800348
"107",2020-05-27,"Bretagne",0.217587375126329,0.064456584998692,0.518038072374296,239.888195722562,181.692774247715,315.791770603803,19555.1235783557,12360.6342334021,29867.9875425682,3.07397706736161,0.185390945032755,12.1484673000741,0.599581401199183,0.450534952640283,0.746295135823948
"108",2020-05-28,"Bretagne",0.201968394757505,0.057312611187009,0.490834952193342,240.090164117319,181.750086858902,316.282605555996,19558.0331700209,12360.8025058301,29879.6092601944,2.90959166514857,0.168272428024103,11.6217176261983,0.599580784673613,0.450534933125627,0.746292856321426
"109",2020-05-29,"Bretagne",0.187670313300959,0.0510129541447212,0.465046803064091,240.27783443062,181.801099813046,316.74765235906,19560.7876352968,12360.9550439712,29890.7270641126,2.75446527593989,0.152538141150894,11.1178039182841,0.599580200325127,0.450534915468091,0.746290665875993
"110",2020-05-30,"Bretagne",0.174551942150663,0.0455110930239079,0.440996802550702,240.452386372771,181.84661090607,317.188649161611,19563.3956871561,12361.0933958257,29901.3628008249,2.60805185923769,0.138351854504706,10.6357367123052,0.599579646382483,0.450534899490949,0.74628856100898
"111",2020-05-31,"Bretagne",0.162487185770353,0.0405966947619106,0.417195491583911,240.614873558541,181.887207600832,317.605844653195,19565.865526041,12361.2185919669,29911.5373700562,2.46983888490596,0.12519614116139,10.1745692312068,0.599579121176631,0.450534885034292,0.746286538377521
"112",2020-06-01,"Bretagne",0.151393212372073,0.03620809526594,0.395486866439825,240.766266770913,181.923415696098,318.001331519635,19568.2048712737,12361.331353181,29921.2707657012,2.33934523277866,0.112761214095846,9.73339564507834,0.599578623134573,0.450534871953422,0.746284594769285
"113",2020-06-02,"Bretagne",0.141180437392689,0.0322806501047924,0.377288838168273,240.907447208306,181.955696346203,318.378620357803,19570.4209904832,12361.4334939108,29930.5925613021,2.21611920949525,0.102140729788792,9.32179560085494,0.599578150773594,0.450534860117412,0.746282727097379
"114",2020-06-03,"Bretagne",0.131776331584404,0.0286643097155614,0.359887079011121,241.03922353989,181.984360655919,318.738507436814,19572.5207271686,12361.5260315344,29939.5415580184,2.09973668539827,0.0925376235926258,8.94899671626831,0.599577702695869,0.450534849407793,0.746280932395458
"115",2020-06-04,"Bretagne",0.123115740764506,0.0254781041407628,0.344208716953504,241.162339280655,182.009838760059,319.082716153768,19574.5105265178,12361.6099993975,29948.1308030919,1.98979934912831,0.083967863127501,8.58924507358515,0.599577277583378,0.450534839717371,0.746279207813022
"116",2020-06-05,"Bretagne",0.115136510184037,0.0227352843938767,0.327596756269144,241.277475790839,182.032574044453,319.410312910037,19576.3964595926,12361.6860243099,29956.422945569,1.88593307481233,0.076024912341686,8.2921424770636,0.59957687419316,0.450534830949152,0.746277550610887
"117",2020-06-06,"Bretagne",0.107774153962344,0.0203218121957465,0.311908581847719,241.385249944801,182.052895856649,319.722221491885,19578.1842459881,12361.754660989,29964.4295718404,1.78778639554246,0.0686366791003278,8.0066262713513,0.599576491352837,0.450534823015374,0.746275958156846
"118",2020-06-07,"Bretagne",0.10097452903249,0.0181893132673053,0.297082511742087,241.486224473834,182.071085169916,320.019304003627,19579.8792750646,12361.816490558,29972.1570675775,1.69502907650839,0.0618295690974295,7.7274957371772,0.599576127956444,0.450534815836625,0.746274427921489
"119",2020-06-08,"Bretagne",0.0946818237458418,0.0162246255332195,0.283865600655255,241.580906297579,182.087309795449,320.303169604282,19581.4866258459,12361.872188119,29979.6151621875,1.6073507812524,0.0556975609144111,7.45809460996647,0.59957578296049,0.450534809341053,0.746272957474194
"120",2020-06-09,"Bretagne",0.0888479961127368,0.0145272726520013,0.26977745674648,241.669754293692,182.101837068101,320.572947061028,19583.0110856707,12361.9223618196,29986.8132460739,1.52445982482073,0.0501737006581381,7.19808388641927,0.599575455380277,0.450534803463641,0.746271544479268
"121",2020-06-10,"Bretagne",0.0834336398314316,0.0130278590964543,0.258523538368877,241.753187933524,182.114864927198,320.831470599397,19584.4571676787,12361.9675594943,29993.7603824404,1.446082007963,0.0451976746566456,6.9471363664446,0.599575144286434,0.450534798145562,0.74627018669224
"122",2020-06-11,"Bretagne",0.0784007427706571,0.0116920095656032,0.245971172275106,241.831588676294,182.126556936764,321.077441771672,19585.8291272056,12362.0085890874,30000.4653186831,1.37195952692207,0.0410295931154617,6.70493624274042,0.599574848801676,0.450534793333585,0.746268881956304
"123",2020-06-12,"Bretagne",0.0737152185315575,0.0105007746232391,0.236300728817108,241.905303894826,182.137057711387,321.31374250049,19587.1309771593,12362.0459553023,30006.9364973878,1.30184995373425,0.0373662149218472,6.47117870465374,0.599574568097751,0.450534788979547,0.746267628198896
"124",2020-06-13,"Bretagne",0.0693505805355157,0.00939520296164177,0.225455906709606,241.974654475361,182.146452914348,321.539198407199,19588.3665024416,12362.0799853303,30013.1820669436,1.23552528231414,0.0340300280250945,6.24556955579643,0.599574301392578,0.450534785039868,0.7462664234284
"125",2020-06-14,"Bretagne",0.0652795374005287,0.00838176024395075,0.215136746618598,242.039934012762,182.154834674592,321.754335153818,19589.5392734776,12362.1109771299,30019.2098917885,1.17277103592807,0.0309917995431684,6.02782484492732,0.599574047947552,0.450534781475114,0.746265265730994
"126",2020-06-15,"Bretagne",0.061476830771624,0.00748122865844459,0.205309855677752,242.101410843533,182.162315903251,321.959645009495,19590.6526589095,12362.1392020393,30025.0275622981,1.11338543196515,0.0282249094012606,5.81767050963737,0.599573807065023,0.450534778249605,0.74626415326761
"127",2020-06-16,"Bretagne",0.0579232081171728,0.0066943859677671,0.195945072568825,242.159334051651,182.169010289219,322.155590082064,19591.7098375097,12362.1648102868,30030.6424043305,1.05717860019789,0.0256082475054489,5.61484203239419,0.59957357808592,0.450534775331057,0.746263084271015
"128",2020-06-17,"Bretagne",0.0546033403294027,0.00602081403107794,0.187195987246637,242.21393739198,182.17503110325,322.342786069311,19592.7138093607,12362.1880080603,30036.061488439,1.00397185098626,0.0231977735200364,5.41908410851931,0.599573360387522,0.450534772690256,0.746262057043005
"129",2020-06-18,"Bretagne",0.0514983495863982,0.00542737404415669,0.179707735619794,242.265435741566,182.180458477294,322.522493804931,19593.6674063508,12362.2090222706,30041.2912022536,0.953596990122437,0.0210142103248167,5.22971381454234,0.599573153381357,0.450534770300771,0.746261069951714
"130",2020-06-19,"Bretagne",0.0485907725534619,0.00489580040367463,0.171996823055861,242.31402651412,182.185354277698,322.694490627987,19594.5733020281,12362.2280584667,30046.331863096,0.905895677239198,0.0190361960378391,5.04066084238908,0.599572956511242,0.450534768138685,0.746260121429019
"131",2020-06-20,"Bretagne",0.0458661307136617,0.00441898564957823,0.164387868297331,242.359892644834,182.189773263347,322.858878496284,19595.434020853,12362.2453028467,30051.1534516065,0.860718824914705,0.0172443799859049,4.82158851049844,0.599572769251413,0.450534766182357,0.746259209968052
"132",2020-06-21,"Bretagne",0.0433076040208424,0.00398904627964929,0.15712438089962,242.403200248854,182.193762309627,323.016002877184,19596.2519468888,12362.26092408,30055.7654977234,0.817926035801522,0.015621233335209,4.61204611688866,0.599572591104807,0.450534764412206,0.74625833412081
"133",2020-06-22,"Bretagne",0.0409069181088725,0.00360201123816671,0.150202567821786,242.444107166963,182.197364320865,323.166205445005,19597.0293319641,12362.2750749576,30060.17606747,0.777385075288929,0.0141508775539175,4.41056974662071,0.599572421601403,0.450534762810513,0.746257492495855
"134",2020-06-23,"Bretagne",0.038650331237613,0.00325339837189778,0.143469965898829,242.482757498201,182.200617719237,323.309675410904,19597.7683033415,12362.2878938866,30064.3939227776,0.738971377376274,0.0128189290274196,4.21785530767222,0.59957226029669,0.450534761361249,0.746256683756104
"135",2020-06-24,"Bretagne",0.0365292324704188,0.00293878753733719,0.137272681807415,242.519286730671,182.203556506774,323.446948092712,19598.4708709231,12362.2994443977,30068.4274835706,0.70256758159183,0.0115505110728606,4.03356079292296,0.599572106770225,0.450534760049905,0.746255906616706
"136",2020-06-25,"Bretagne",0.0345333960594029,0.00265187865955669,0.13178123811923,242.553820126731,182.206208385434,323.578729330831,19599.138934022,12362.309844266,30072.2848019399,0.668063098937681,0.0103998683606893,3.85731836934841,0.599571960624252,0.450534758863358,0.746255159843007
"137",2020-06-26,"Bretagne",0.0326555860115534,0.00238584867957475,0.126475347631955,242.586475712742,182.208594234113,323.705204678463,19599.774287727,12362.319208456,30075.987685943,0.635353704976777,0.00936418994362826,3.70288400303645,0.599571821482444,0.45053475778973,0.746254442248581
"138",2020-05-10,"Centre-Val de Loire",4.20833812975497,2.7833385924291,6.17858592234419,468.241538950792,370.785229664907,586.851820203638,42856.7214843402,28263.6273849509,63525.6527382552,129.435567236497,41.0731785257106,301.289358585148,0.839926756205667,0.710809338162512,0.981003385071179
"139",2020-05-11,"Centre-Val de Loire",4.00481728565617,2.59171435429953,5.96834797758208,472.246356236448,373.376944019206,592.82016818122,42982.9398585699,28302.7431871435,63822.4982121852,126.218374229632,39.1158021925758,296.845473930005,0.839882128290569,0.710788403514785,0.980945263921999
"140",2020-05-12,"Centre-Val de Loire",3.81345502988972,2.41986578138226,5.76625938551235,476.059811266338,375.796809800589,598.586427566733,43106.3255761952,28339.9673473298,64116.8734889833,123.385717625353,37.224160186278,294.375276798171,0.83983857239306,0.710768486307034,0.980887814729818
"141",2020-05-13,"Centre-Val de Loire",3.6339448301138,2.26213177743802,5.59650738163765,479.693756096452,378.058941578027,604.18293494837,43227.1404819187,28375.706449586,64408.3739273785,120.814905723519,35.7391022562734,291.500438395168,0.839795956900847,0.710749512939198,0.980830794557962
"142",2020-05-14,"Centre-Val de Loire",3.46562408090052,2.10291493647754,5.43343869150892,483.159380177352,380.161856514504,609.61637363988,43345.5494212203,28410.0601963019,64698.7322770974,118.408939301597,34.353746715848,290.358349718845,0.839754192670399,0.710731419759913,0.980774054912068
"143",2020-05-15,"Centre-Val de Loire",3.30791438171075,1.96883585193471,5.27973045887654,486.467294559063,382.130692366439,614.896104098756,43461.6589848605,28443.0428890765,64985.7064729504,116.109563640175,32.9826927746315,286.97419585307,0.839713224112401,0.710714154386654,0.980717520198315
"144",2020-05-16,"Centre-Val de Loire",3.16036963124664,1.84224721695724,5.13040980240179,489.62766419031,383.972939583396,620.026513901158,43575.5450720815,28474.5606610781,65270.4433744269,113.886087220982,31.5177720015803,284.736901476434,0.839673015748791,0.710697672759258,0.980661156984427
"145",2020-05-17,"Centre-Val de Loire",3.02242830427882,1.7175104109259,4.98972166087754,492.650092494588,385.690449994322,625.016235562035,43687.2687898655,28504.9026252619,65551.9459163787,111.723717784035,30.341964183816,281.502541951836,0.839633542659087,0.710681936321976,0.98060495275469
"146",2020-05-18,"Centre-Val de Loire",2.89358566863824,1.6079572592094,4.85679767668648,495.543678163227,387.298407253532,629.873033238722,43796.8845035238,28533.8448240597,65832.4723254237,109.61571365832,28.9421987978084,280.526409045038,0.839594784977785,0.710666910106384,0.980548904047841
"147",2020-05-19,"Centre-Val de Loire",2.77344199666514,1.50121228742226,4.72451685723578,498.317120159892,388.799619540954,634.597550095958,43904.4434707767,28561.4470492633,66110.865096453,107.558967252823,27.6022252035319,278.392771029305,0.839556725113969,0.710652561599263,0.980493010700776
"148",2020-05-20,"Centre-Val de Loire",2.66148351428704,1.4049074592029,4.62646253766004,500.978603674179,390.204527000157,639.224012633618,44009.9952799774,28587.7916930178,66386.8302586561,105.551809200705,26.3446437545372,275.965162203066,0.839519346500268,0.710638860126124,0.980437273407767
"149",2020-05-21,"Centre-Val de Loire",2.55709292817191,1.31462425902059,4.52891705793502,503.535696602351,391.519151259177,643.752929691553,44113.5883171537,28612.9211844558,66661.0643783303,103.593037176388,25.1294914380254,274.234119674174,0.839482633100588,0.710625776529321,0.980381692856289
"150",2020-05-22,"Centre-Val de Loire",2.45979543638724,1.22598637780563,4.4376978193658,505.995492038738,392.745137636983,648.190627510918,44215.2698617285,28637.0637009061,66933.2776034179,101.681544574725,24.1425164502929,272.213225087584,0.839446569252443,0.710613282998667,0.980326269517515
"151",2020-05-23,"Centre-Val de Loire",2.36919686381712,1.14835496436459,4.33607097915504,508.364688902555,393.893492601348,652.526698490073,44315.0860722522,28660.051328915,67203.4916360884,99.8162105237205,22.9876280088469,270.214032670543,0.839411139636606,0.710601352974462,0.980271003661437
"152",2020-05-24,"Centre-Val de Loire",2.28477865610532,1.08093156443835,4.23976666019034,510.64946755866,394.974424165786,656.766465150264,44413.0819599689,28681.8992175953,67473.219259735,97.9958877167252,21.8478886803642,269.727623646546,0.839376329284077,0.710589961082124,0.980215895421794
"153",2020-05-25,"Centre-Val de Loire",2.20608952078171,1.01706267966648,4.16729405537661,512.855557079442,395.991486845452,660.93375920564,44509.3013778256,28702.8193021888,67742.4966908987,96.2194178566962,20.9200845935101,269.277431163758,0.839342123586788,0.710579083079457,0.980160944852849
"154",2020-05-26,"Centre-Val de Loire",2.13280558595313,0.959393814775286,4.11317518249827,514.988362665395,396.950880660228,665.046934388139,44603.7870267956,28722.8917967991,68011.3448191985,94.4856489699401,20.072494610285,268.84812829975,0.839308508302777,0.710568695808669,0.980106151966563
"155",2020-05-27,"Centre-Val de Loire",2.06433999404393,0.907977808102856,4.05945598695879,517.052702659439,397.85885846833,669.106390375097,44696.5804744559,28742.1510247376,68279.8052718205,92.7934476603748,19.2592279384601,268.46045262199,0.839275469555241,0.710558777150355,0.98005151675348
"156",2020-05-28,"Centre-Val de Loire",2.00041858371286,0.859145654766055,3.99633219541937,519.053121243152,398.718004123097,673.102722570517,44787.7221805813,28760.5096052055,68546.4057597555,91.1417061253949,18.3585804678777,266.600487935033,0.839242993827284,0.710549305978733,0.97999703919323
"157",2020-05-29,"Centre-Val de Loire",1.94062863335932,0.812122649140827,3.94681831616442,520.993749876512,399.530126772237,677.049540886681,44877.2515260573,28778.0309404911,68810.8538422449,89.529345476011,17.5213352856505,264.448082489445,0.839211067954228,0.710540262118145,0.979942719259282
"158",2020-05-30,"Centre-Val de Loire",1.88455740185342,0.768442111696812,3.90660830083986,522.878307278365,400.298568883934,680.956149187521,44965.2068429203,28794.7932490958,69073.1631704243,87.9553168629437,16.7623086046439,262.30932817937,0.839179679114684,0.710531626301003,0.979888556920862
"159",2020-05-31,"Centre-Val de Loire",1.83182394859048,0.727826719369654,3.85567137144132,524.710131226955,401.026395603304,684.811820558962,45051.6254443674,28810.7616186062,69333.9057120492,86.4186014471292,15.9683695104019,260.742541624909,0.839148814821265,0.7105233801273,0.979834552143611
"160",2020-06-01,"Centre-Val de Loire",1.78219569677944,0.689799137004373,3.80943549128492,526.492326923735,401.716194740308,688.621256050247,45136.5436541933,28825.9509987884,69593.1823676824,84.9182098259097,15.1893801822056,259.276655633224,0.839118462911232,0.710515506025764,0.979779751839342
"161",2020-06-02,"Centre-Val de Loire",1.73534446948241,0.654318240022008,3.77706688388785,528.227671393217,402.37051298033,692.398322934135,45219.9968354302,28840.4026852843,69850.7110493338,83.4531812368755,14.4516864959442,257.528681651326,0.839088611537299,0.710507987216679,0.979723517618618
"162",2020-06-03,"Centre-Val de Loire",1.69104516879545,0.621090154499744,3.74875117622516,529.918716562013,402.99160313483,696.14707411036,45302.0194181234,28854.2295595412,70106.9841241859,82.0225826932202,13.8268742569288,256.273074852148,0.839059249158725,0.71050080767631,0.979667446983356
"163",2020-06-04,"Centre-Val de Loire",1.64909033874208,0.590121741014339,3.71879771792615,531.567806900755,403.581724875844,699.865871828286,45382.6449262402,28867.3786188522,70362.0041159629,80.6255081167855,13.1490593110048,255.019991777007,0.839030364532606,0.710493952102922,0.97961153997494
"164",2020-06-05,"Centre-Val de Loire",1.60932524941095,0.561136811961917,3.67948523506171,533.177132150166,404.142861687806,703.545357063348,45461.9060037336,28879.883084493,70615.7735888157,79.2610774934423,12.5044656407496,253.769472852829,0.839001946705485,0.710487405884309,0.979555796630335
"165",2020-06-06,"Centre-Val de Loire",1.5715069626192,0.533916811795355,3.66804689280366,534.748639112785,404.676778499602,707.213403956152,45539.8344397913,28891.7745500854,70868.2951467406,77.9284360576989,11.891465592379,252.521557924879,0.838973985005197,0.710481155066773,0.97950021698209
"166",2020-06-07,"Centre-Val de Loire",1.53550860331844,0.509955130244246,3.65783949913727,536.284147716103,405.186733629846,710.871243455289,45616.4611932982,28903.084068826,71119.5714329876,76.6267535068271,11.3095187406623,251.276286247022,0.838946469032967,0.710475186325499,0.979444801058354
"167",2020-06-08,"Centre-Val de Loire",1.50114229702594,0.485743478501524,3.61710443044829,537.785290013129,405.672477108347,714.488347885737,45691.8164165411,28913.8805336189,71369.6051294662,75.3552232428902,10.7964647928911,250.033696478521,0.838919388655748,0.710469486936254,0.979389548882881
"168",2020-06-09,"Centre-Val de Loire",1.46826169358781,0.462817542822688,3.56710160953731,539.253551706717,406.13529465117,718.055449495275,45765.9294781819,28924.2010441126,71618.3989561504,74.1130616408635,10.3205104936409,248.793826684196,0.838892733998806,0.71046404474836,0.979334460475054
"169",2020-06-10,"Centre-Val de Loire",1.43675925566823,0.441371223431809,3.52194398417037,540.690310962385,406.576665874602,721.577393479445,45838.8289855232,28934.0672154785,71865.9556704865,72.8995073413155,9.86617136594913,247.556714336127,0.838866495438502,0.710458848158879,0.979279535849895
"170",2020-06-11,"Centre-Val de Loire",1.40652346843117,0.420896797439759,3.50292407556541,542.096834430817,406.997562672042,725.08031755501,45910.5428060897,28943.5023971087,72112.2780668024,71.7138205664304,9.43518163018604,246.322396315947,0.838840663595331,0.71045388608795,0.979224775018085
"171",2020-06-12,"Centre-Val de Loire",1.37743250622046,0.401341410654019,3.49702466980243,543.474266937037,407.398904082696,728.577342224813,45981.098088548,28952.5418731397,72357.3689757198,70.5552824583738,9.0394760309966,245.090908917351,0.838815229327124,0.710449147955247,0.979170177985982
"172",2020-06-13,"Centre-Val de Loire",1.3494311381764,0.382796846582949,3.48365862627799,544.823698075213,407.781700929279,732.061000851091,46050.5212829872,28961.2022371206,72601.0257021618,69.4231944391558,8.66036398093289,243.656726442029,0.838790183722491,0.71044462365748,0.979115744755636
"173",2020-06-14,"Centre-Val de Loire",1.32241081361407,0.365496920950708,3.45247931604911,546.146108888827,408.147197850229,735.51348016714,46118.8381605784,28969.4993869797,72843.2113839181,68.3168775912246,8.29714985909095,242.185681756282,0.838765518094462,0.710440303546916,0.979061475324806
"174",2020-06-15,"Centre-Val de Loire",1.29629957142898,0.347464191566983,3.43604212231352,547.442408460257,408.494662041796,738.949522289454,46186.0738326365,28977.414323221,73083.9317185336,67.2356720580773,7.91493624123322,240.720334615452,0.838741223974275,0.710436178410858,0.97900736968698
"175",2020-06-16,"Centre-Val de Loire",1.27103473365434,0.332123649005219,3.42055108166976,548.713443193911,408.826785690802,742.370073371123,46252.2527691007,28984.955581967,73323.5540943223,66.1789364642159,7.54125874599837,239.622375788788,0.838717293105404,0.710432239452056,0.978953427831393
"176",2020-06-17,"Centre-Val de Loire",1.24659294984915,0.316825326795348,3.39393962714231,549.96003614376,409.143611017597,745.764012998266,46317.3988164545,28992.151830952,73562.1948794206,65.1460473537928,7.19624898509038,238.640785098202,0.838693717437738,0.710428478269985,0.978899649743041
"177",2020-06-18,"Centre-Val de Loire",1.22290112583474,0.302202241298307,3.36245161180386,551.182937269595,409.445813258895,749.126464610069,46381.5352151018,28999.0302913135,73799.8549540319,64.1363986473198,6.87846036151084,237.66007461135,0.838670489121923,0.710424886842979,0.978846035402705
"178",2020-06-19,"Centre-Val de Loire",1.19992085586173,0.289912551361728,3.33989063408418,552.382858125456,409.735725810257,752.466355244154,46444.6846162177,29005.5919110662,74036.4528632328,63.1494011158366,6.56161975263378,236.597909200845,0.838647600503904,0.710421457511154,0.978792584786967
"179",2020-06-20,"Centre-Val de Loire",1.17761425937595,0.275638235398293,3.31367924636553,553.560472384832,410.011364045655,755.780034490519,46506.8690980896,29011.8407934374,74271.8549022608,62.1844818719488,6.24888237125795,235.402039028039,0.838625044119598,0.710418182960113,0.978739297868229
"180",2020-06-21,"Centre-Val de Loire",1.15592691484476,0.262003611099924,3.28878773413413,554.716399299677,410.273367656755,759.068822224653,46568.1101819668,29017.7918425784,74506.0640782139,61.2410838771725,5.95104914091466,234.209175953094,0.838602812689749,0.710415056205373,0.978686174614731
"181",2020-06-22,"Centre-Val de Loire",1.13485724809428,0.249743305890968,3.28804526859437,555.851256547771,410.523110962646,762.356867493248,46628.4288474318,29023.4592524845,74739.0834291429,60.3186654650364,5.66740990616129,233.019350928978,0.838580899114916,0.710412070577496,0.978633214990576
"182",2020-06-23,"Centre-Val de Loire",1.11435333843011,0.239402895638267,3.28737694722426,556.965609886201,410.762513858284,765.644244440472,46687.8455473112,29028.856556399,74970.9037027248,59.4166998794163,5.3973039144405,231.820273581898,0.838559296470623,0.710409219707894,0.978580418955741
"183",2020-06-24,"Centre-Val de Loire",1.09439983534352,0.229639333403179,3.27608954842916,558.060009721545,410.992153191687,768.920333988901,46746.3802221388,29033.9969007483,75201.2677994166,58.5346748275897,5.14034434939261,230.364096691881,0.838537998002643,0.710406497515263,0.978527786466105
"184",2020-06-25,"Centre-Val de Loire",1.0749631023194,0.220016317465941,3.26325406255777,559.134972823864,411.212169509153,772.183588051459,46804.0523141864,29038.8919531639,75429.7187487484,57.6720920475177,4.89505241557046,228.450949331786,0.838516997122422,0.710403898192638,0.978475317473464
"185",2020-06-26,"Centre-Val de Loire",1.05603119609002,0.210949394002387,3.25033311875896,560.191004019954,411.423118903156,775.433921170218,46860.8807810752,29043.5536935825,75656.2696984568,56.8284668888839,4.66174041858426,226.550949708379,0.838496287402654,0.710401416195023,0.978423011925556
"186",2020-06-27,"Centre-Val de Loire",1.03758070626415,0.201987979558609,3.23734197889385,561.228584726219,411.625106882714,778.671263149111,46916.8841089827,29047.9963292872,75880.9337559537,56.003327907425,4.44263570471982,224.664057496888,0.838475862572951,0.710399046227581,0.978370869766077
"187",2020-06-28,"Centre-Val de Loire",1.01959380362533,0.19347057079832,3.22423964417401,562.248178529844,411.818577453513,781.895502793285,46972.0803254548,29052.2516069846,76104.4888810432,55.1962164721163,4.25527769739474,223.555125089529,0.838455716515676,0.710396783234355,0.978318890934705
"188",2020-06-29,"Centre-Val de Loire",1.00205755214547,0.18556914530067,3.20684054122056,563.250236081989,412.004146598813,785.102343334506,47026.4870118396,29056.327788531,76327.4463344165,54.4066863847806,4.07618154641432,222.957453373299,0.838435843261874,0.710394622387498,0.978267075367121
"189",2020-06-30,"Centre-Val de Loire",0.984955309924483,0.177492856555682,3.16979688939753,564.235191391914,412.181639455369,788.272140223904,47080.1213153513,29060.2327649087,76549.804977148,53.6343035117109,3.90497637763876,222.358642731484,0.838416236987336,0.710392559076989,0.978215422995029
"190",2020-07-01,"Centre-Val de Loire",0.96826819402021,0.169773413865629,3.13510667567521,565.203459585934,412.351412869235,791.407246899579,47132.9999607782,29063.9737265221,76771.5636954105,52.8786454269045,3.7409616134496,221.758718262453,0.838396892008758,0.710390588900805,0.978163933746177
"191",2020-07-02,"Centre-Val de Loire",0.951986226236105,0.162394274354758,3.12730150232049,566.15544581217,412.51380714359,794.534548401899,47185.1392618447,29067.5400343213,76992.7214004015,52.1393010665298,3.5663077991618,221.157704991078,0.838377802780044,0.710388707655547,0.978112607544384
"192",2020-05-10,"Corse",0.0930750205873363,0.034040195794946,0.21139604344473,55.0022018513312,32.6849417183302,86.6007531571036,4500.98213307674,2093.43282088384,8279.23830046089,0.382225122437166,0.00207688006582702,2.23405623925923,0.431850043989133,0.205526828851389,0.659550042514074
"193",2020-05-11,"Corse",0.083105075358328,0.0292142191136885,0.193170788092656,55.0853069266895,32.7141559374439,86.7939239451962,4501.33765923589,2093.43455160605,8281.33935432117,0.355526159146031,0.00173072221303251,2.10105386028022,0.431849360277921,0.205526827499268,0.659545091489567
"194",2020-05-12,"Corse",0.074193742133803,0.0249526183495867,0.178381365936134,55.1595006688233,32.7391085557935,86.9723053111324,4501.66914259618,2093.43599657911,8283.32429240203,0.331483360290285,0.00144497305806957,1.98493808086171,0.43184872139187,0.205526826372642,0.65954042175497
"195",2020-05-13,"Corse",0.0662378456978458,0.0213319205069609,0.164923672313145,55.2257385145212,32.7604404763004,87.1372289834455,4501.97877114982,2093.43720484738,8285.19575832955,0.30962855364743,0.0012082682668468,1.87146592751446,0.431848123012311,0.205526825432026,0.659536011843059
"196",2020-05-14,"Corse",0.0591384268943834,0.0181199055080495,0.151422506544499,55.2848769414155,32.7785603818085,87.28865148999,4502.26836379896,2093.43821636647,8286.9548158537,0.289592649139753,0.00101151909200706,1.75905752414825,0.431847561595257,0.205526824645421,0.659531843881064
"197",2020-05-15,"Corse",0.0528077812805941,0.0152925727349285,0.139696485738568,55.3376847226961,32.7938529545434,87.4283479757286,4502.53947573409,2093.43906388205,8288.61686757478,0.271111935128102,0.000847515576624469,1.6620517210849,0.431847034206384,0.205526823986795,0.659527902739489
"198",2020-05-16,"Corse",0.0471720376754246,0.0131111049330286,0.127991857646993,55.3848567603716,32.8069640594764,87.5563398333756,4502.79347427518,2093.43977439193,8290.18372825277,0.253998541087211,0.000710509881625602,1.56686067798838,0.431846538341399,0.205526823434839,0.65952417516544
"199",2020-05-17,"Corse",0.0421610724382087,0.011136610948957,0.117261383451448,55.4270178328098,32.8181006704254,87.673601216827,4503.03158725549,2093.44037026915,8291.66287490422,0.238112980310883,0.000595877218472592,1.47914665145337,0.431846071797145,0.205526822971997,0.659520649184577
"200",2020-05-18,"Corse",0.0377103633276371,0.00940997900184648,0.109413062808429,55.4647281961374,32.8275106494273,87.7830142796355,4503.25493253967,2093.44087012849,8293.06109455649,0.22334528418008,0.00049985934526052,1.39821965227189,0.431845632590272,0.205526822583728,0.659517313740772
"201",2020-05-19,"Corse",0.0337590195791669,0.00800197486982986,0.100616895971502,55.4984872157166,32.8355126242971,87.883631175607,4503.46453614144,2093.44128950348,8294.38400169475,0.209603601766451,0.000419374987559366,1.32290713825958,0.431845218908569,0.205526822257933,0.659514158493023
"202",2020-05-20,"Corse",0.03024823501458,0.00676209693821109,0.0921808756502714,55.5287354507312,32.8422747212353,87.9758120512572,4503.66134394486,2093.44164138319,8295.63558622453,0.196807803420997,0.000351879707753215,1.25158452977821,0.431844829081876,0.205526821984519,0.659511173703186
"203",2020-05-21,"Corse",0.0271341182147706,0.00571095303914246,0.0854755264844759,55.5558695689459,32.8479856742744,88.0612875777417,4503.84622998504,2093.44193664416,8296.81973544993,0.184886040185133,0.000295260973751155,1.18414922540315,0.431844461563814,0.205526821755043,0.659508350171576
"204",2020-05-22,"Corse",0.024366760786787,0.00481848958217792,0.0793780285387425,55.5802363297327,32.8528041638566,88.1406656062804,4504.02000289249,2093.44218440221,8297.94272672448,0.173772907442874,0.000247758047863674,1.12299127454808,0.431844114919243,0.205526821562435,0.659505679195993
"205",2020-05-23,"Corse",0.0219095160992943,0.00406000192901401,0.0740290013242647,55.602145845832,32.8568641657856,88.2146946076047,4504.18341131572,2093.44239230173,8299.00771490779,0.163408423228854,0.000207899519232334,1.06498818330522,0.431843787814672,0.205526821400769,0.659503152541555
"206",2020-05-24,"Corse",0.0197263880975351,0.00342097264682602,0.068821687722426,55.6218722339295,32.8602851384325,88.2835162953271,4504.33714871396,2093.44256675536,8300.01769372452,0.153737398240483,0.000174453626990627,1.00997881673186,0.431843479010239,0.205526821265072,0.65950076241535
"207",2020-05-25,"Corse",0.0177881911918131,0.0028927416487602,0.064669918287698,55.6396604251213,32.8631778800812,88.3481862136148,4504.48185770127,2093.44271314346,8300.975488945,0.144708987316991,0.000146388100799813,0.957795220478013,0.431843187352619,0.205526821151172,0.659498501443327
"208",2020-05-26,"Corse",0.0160674377014684,0.00245888939338969,0.0600358053403106,55.6557278628228,32.8656367694746,88.4082220189551,4504.61813402665,2093.44283600109,8301.8805296033,0.136276325372966,0.000122857635159967,0.9050406583038,0.43184291176856,0.205526821055569,0.659496362648461
"209",2020-05-27,"Corse",0.0145387956828507,0.00207023756177711,0.056095202833184,55.6702666585057,32.8677070070364,88.4643172217883,4504.74653023322,2093.44293911065,8302.73572120714,0.128396206578197,0.000103109558035692,0.855191603838005,0.431842651258937,0.205526820975323,0.659494339429883
"210",2020-05-28,"Corse",0.0131770949363854,0.001740294707769,0.0524407906714019,55.6834437534421,32.8694473017441,88.5167580124597,4504.86755902416,2093.44302564622,8303.54380939631,0.12102879093874,8.65355748069312e-05,0.808088189169459,0.431842404893253,0.205526820907969,0.659492425542926
"211",2020-05-29,"Corse",0.0119610363803542,0.00146628601744484,0.0488803917840333,55.6954047898224,32.8709135877616,88.5656384042437,4504.98169635702,2093.44309827181,8304.30738865872,0.114137332857601,7.26255877022966e-05,0.763579262409291,0.431842171804555,0.205526820851434,0.659490615080092
"212",2020-05-30,"Corse",0.0108712510554407,0.001229270347043,0.0458270380380616,55.7062760408779,32.8721428581086,88.6114654422818,4505.08938428695,2093.44315922327,8305.02891061035,0.107687929929224,6.09514587345294e-05,0.721521951630913,0.431841951184736,0.205526820803981,0.65948890245295
"213",2020-05-31,"Corse",0.00989323921795416,0.00102724539008483,0.0429867148455969,55.7161692800958,32.8731701034987,88.6544521571274,4505.19103357811,2093.44321037711,8305.71069184297,0.101649291159254,5.11538395720893e-05,0.68178123261926,0.431841742280204,0.205526820764152,0.659487282374954
"214",2020-06-01,"Corse",0.00901468062832025,0.000854669699179044,0.040343123846259,55.7251839607241,32.8740247731979,88.6947952809737,4505.28702610191,2093.44325330823,8306.35492135159,0.095992523803837,4.29311222865244e-05,0.644229508625013,0.431841544387887,0.205526820730721,0.659485749845164
"215",2020-06-02,"Corse",0.00822623593581958,0.00070456920631005,0.0378990102258095,55.7334101966599,32.8747293424042,88.7326942911995,4505.37771703973,2093.44328949544,8306.96388051381,0.0906909378200308,3.61872103851584e-05,0.608959162220731,0.431841356851545,0.205526820702661,0.659484300132828
"216",2020-06-03,"Corse",0.00751753521388548,0.000581690155224583,0.0356136834644654,55.7409277318738,32.8753110325594,88.7683079746639,4505.46343690649,2093.44332004237,8307.54003137965,0.0857198667554582,3.05469307745e-05,0.576150865839165,0.431841179058379,0.205526820679109,0.65948292876279
"217",2020-06-04,"Corse",0.00688249750218698,0.00048048640432228,0.0334237870263837,55.747810229376,32.8757915189638,88.8017317616903,4505.54449341032,2093.44334583759,8308.08514153048,0.081056503832003,2.579521636096e-05,0.545110150826721,0.43184101043588,0.20552682065934,0.65948163150169
"218",2020-06-05,"Corse",0.00631239446341367,0.00040014817400951,0.0313244766385105,55.7541226238394,32.8761916671378,88.8330562383288,4505.6211731623,2093.44336762024,8308.60088332163,0.0766797519813053,2.1782649344977e-05,0.515741791147759,0.43184085044896,0.205526820642748,0.659480404344897
"219",2020-06-06,"Corse",0.00580049556446906,0.00033060680408451,0.0293753039440044,55.7599231194039,32.8765222739418,88.8624315422728,4505.69374324894,2093.44338601449,8309.08883901196,0.072570086640985,1.8394254282225e-05,0.48795569033565,0.431840698597266,0.205526820628821,0.659479243504156
"220",2020-06-07,"Corse",0.00533940264268634,0.000273560275298683,0.0275636709009945,55.7652625220466,32.8767958342171,88.8899952131738,4505.76245267914,2093.44340150195,8309.55050429649,0.0687094301974276,1.5487461180423e-05,0.461665284525851,0.431840554412726,0.205526820617131,0.659478145395899
"221",2020-06-08,"Corse",0.00492273055468346,0.000226724316904885,0.0258782961040291,55.7701852526013,32.877022558534,88.9158735092778,4505.82753371619,2093.44341456976,8309.98723375002,0.0650810370477251,1.30678018608918e-05,0.436729453536019,0.431840417457262,0.205526820607319,0.659477106630187
"222",2020-06-09,"Corse",0.00454538303883604,0.000189951070818107,0.0243402566798282,55.7747306356401,32.8772125096049,88.9402137659577,4505.88920310453,2093.44342559594,8310.40037427461,0.0616693883409923,1.10261832333452e-05,0.413140524586412,0.431840287320697,0.205526820599084,0.659476124000249
"223",2020-06-10,"Corse",0.00420325166243022,0.000160343342435394,0.0229767617130972,55.7789338873025,32.8773728529473,88.9631905276708,4505.94766320007,2093.44343489948,8310.79120001938,0.0584600955431527,9.30353995765319e-06,0.390825744768385,0.431840163618808,0.205526820592172,0.65947519447259
"224",2020-06-11,"Corse",0.00389205605475518,0.000134416419898302,0.0216419819421884,55.7828259433573,32.8775072693672,88.984832509613,4506.00310301212,2093.44344274951,8311.16091631008,0.055439812047098,7.85003525911728e-06,0.369716290696875,0.431840045991522,0.20552682058637,0.659474315177624
"225",2020-06-12,"Corse",0.00360788315666352,0.000111272042546908,0.0203398899553931,55.786433826514,32.8776185414097,89.0051723995684,4506.05569916424,2093.44344937313,8311.51066336638,0.0525961521215552,6.62361903203635e-06,0.349747056305443,0.431839934101258,0.2055268205815,0.659473483400824
"226",2020-06-13,"Corse",0.00334950817828242,9.32429979013642e-05,0.0191221110010474,55.7897833346922,32.8777117844076,89.0242945105694,4506.1056167808,2093.44345496195,8311.84151981848,0.0499176165568212,5.58881121317475e-06,0.330856452097822,0.431839827631384,0.205526820577413,0.659472696574343
"227",2020-06-14,"Corse",0.00311285871366753,7.79533012966254e-05,0.0179813626280508,55.7928961934059,32.8777897377089,89.0422758731975,4506.15301030522,2093.44345967762,8312.15450603372,0.0473935244243157,4.71567524111541e-06,0.31298621523705,0.431839726284791,0.205526820573982,0.659471952269088
"228",2020-06-15,"Corse",0.0028961468959559,6.50971706191685e-05,0.0169123965881047,55.7957923403019,32.8778548348795,89.0591882697856,4506.19802425564,2093.44346365657,8312.4505872636,0.0450139504200959,3.97895190646885e-06,0.296081229887106,0.431839629782572,0.205526820571102,0.659471248187225
"229",2020-06-16,"Corse",0.00269761860521509,5.4277065336342e-05,0.0159102614877149,55.7984899589071,32.8779091119449,89.0750985312733,4506.24079392295,2093.44346699676,8312.73067662086,0.042769667310615,3.34019104000049e-06,0.280089357253782,0.43183953786279,0.205526820568685,0.659470582155085
"230",2020-06-17,"Corse",0.00251571510232787,4.5741484745032e-05,0.0149706539915325,55.8010056740094,32.8779548534296,89.0900691852648,4506.281446016,2093.44346980031,8312.99563789566,0.0406520930425642,2.80355014205228e-06,0.264961274801459,0.431839450279353,0.205526820566656,0.659469952116458
"231",2020-06-18,"Corse",0.00234860891949937,3.89048333597818e-05,0.0140887420177806,55.8033542829289,32.877993758263,89.1041579272826,4506.32009925811,2093.44347215344,8313.24628821981,0.0386532421181046,2.35312691631212e-06,0.250650324150718,0.431839366800958,0.205526820564954,0.659469356126247
"232",2020-06-19,"Corse",0.00219508944417202,3.33348858640665e-05,0.0132743025333405,55.8055493723731,32.8780270931489,89.1174322298159,4506.35686493899,2093.44347412851,8313.483400587,0.0367656808725038,1.97506947755955e-06,0.237112367188402,0.431839287210102,0.205526820563524,0.659468792344461
"233",2020-06-20,"Corse",0.00205344432019873,2.84886418949591e-05,0.0125131117481291,55.8076028166933,32.8780555817908,89.1299453415641,4506.39184742531,2093.44347578626,8313.70770623694,0.0349824863236021,1.65775140898206e-06,0.224305649947015,0.431839211302193,0.205526820562325,0.659468259030539
"234",2020-06-21,"Corse",0.00192249766506336,2.43549891309079e-05,0.0117970095151229,55.8095253143583,32.8780799367799,89.1417423510792,4506.4251446336,2093.44347717768,8313.91986298886,0.0332972082919053,1.39141421555716e-06,0.212156751910728,0.431839138884688,0.205526820561318,0.659467754537975
"235",2020-06-22,"Corse",0.00180139760831259,2.06942464931673e-05,0.0111239546733681,55.8113267119667,32.8781006310264,89.1528663057526,4506.45684846812,2093.44347834554,8314.12008897566,0.0317038345167331,1.16786721939495e-06,0.200225986803506,0.431839069776321,0.205526820560473,0.659467277309239
"236",2020-06-23,"Corse",0.0016892850007665,1.77193573704447e-05,0.0104904850635778,55.8130159969674,32.8781183503838,89.1633567908161,4506.48704522664,2093.44347932578,8314.30982461564,0.0301967585180548,9.8023567209899e-07,0.189735639982877,0.431839003806377,0.205526820559763,0.659466825870967
"237",2020-06-24,"Corse",0.00158514976000946,1.50481093284364e-05,0.0099088754419002,55.8146011467274,32.8781333984931,89.173265666258,4506.51581597661,2093.44348014853,8314.48950189505,0.0287707499755911,8.22749334810238e-07,0.179677279406979,0.431838940814003,0.205526820559168,0.659466398829415
"238",2020-06-25,"Corse",0.00148842909188582,1.27191607020888e-05,0.00938400531922103,55.8160895758193,32.8781461176538,89.1826496715773,4506.54323690403,2093.44348083909,8314.65949469255,0.027420927416715,6.90565024741356e-07,0.169992797504037,0.431838880647587,0.205526820558668,0.659465994866153
"239",2020-06-26,"Corse",0.00139858960671453,1.07434477145719e-05,0.00885701137544733,55.817488165426,32.8781568611015,89.1915066829527,4506.56937963705,2093.44348141871,8314.82032499866,0.0261427330228199,5.796176751007e-07,0.160830306106307,0.431838823164175,0.205526820558249,0.659465612734001
"240",2020-06-27,"Corse",0.00131518830177211,9.1891384849674e-06,0.00835799421402856,55.8188033537278,32.87816605024,89.1998646771667,4506.59431154643,2093.44348190521,8314.97248666895,0.0249319093802841,4.86495319068431e-07,0.15216167029379,0.431838768228914,0.205526820557897,0.659465251253174
"241",2020-06-28,"Corse",0.00123752189318648,7.81150297530169e-06,0.0078878636420617,55.820040875621,32.878173861743,89.2077525408088,4506.61809602445,2093.44348231354,8315.1164469405,0.0237844780171786,4.08334161703443e-07,0.143960271547224,0.431838715714551,0.205526820557601,0.659464909307642
"242",2020-06-29,"Corse",0.00116528830327098,6.6847715065591e-06,0.00744509322053759,55.8212061639243,32.8781805465145,89.2151976340293,4506.64079274403,2093.44348265627,8315.25287962476,0.022696719580487,3.42730510387595e-07,0.136432684261475,0.431838665500962,0.205526820557353,0.659464585841688
"243",2020-06-30,"Corse",0.00109771750347505,5.46483290867043e-06,0.0070274067329229,55.8223038814277,32.8781860113474,89.2222250407623,4506.66245789955,2093.44348294394,8315.38268485698,0.0216651555210227,2.87666854263571e-07,0.12980523221244,0.431838617474703,0.205526820557145,0.659464279856642
"244",2020-05-10,"Grand Est",13.2983755762556,9.68108606292275,18.0794758123621,3317.25813038503,2770.27677187577,3971.77049778034,273298.808407856,196250.010313089,371049.982237414,125.605548281266,42.260364584215,265.178717995006,0.620178305082496,0.53162257675294,0.705535740221378
"245",2020-05-11,"Grand Est",12.2300862971581,8.75267589242881,16.8379128002319,3329.48821668219,2779.02944776819,3988.60841058058,273416.57271102,196288.820408392,371302.0187299,117.764303163628,38.8100953023253,252.036492486697,0.620163024964408,0.531618478550656,0.705504937917625
"246",2020-05-12,"Grand Est",11.2479173323794,7.92474982626354,15.7357948157218,3340.73613401457,2786.95419759446,4004.3442053963,273527.205901355,196324.520329854,371542.125143631,110.63319033533,35.6999214621729,240.106413730738,0.620148690675399,0.531614720993337,0.705475718132191
"247",2020-05-13,"Grand Est",10.3464038472491,7.14448883089866,14.6716519338772,3351.08253786182,2794.09868642536,4019.01585733017,273631.284269126,196357.263247395,371770.9549366,104.078367770506,32.7429175416669,228.829792968747,0.620135216792134,0.531611269129344,0.705447933966649
"248",2020-05-14,"Grand Est",9.51895335142489,6.44592906114837,13.7018254280381,3360.60149121325,2800.5446154865,4032.71768275821,273729.27928842,196387.306234722,371988.161298266,97.9950192943643,30.0429873264055,217.206361666606,0.620122534080912,0.531608093472047,0.705421472927467
"249",2020-05-15,"Grand Est",8.7601302585169,5.80456968480929,12.7659663588938,3369.36162147176,2806.34918517131,4045.48364911711,273821.591204974,196415.076486563,372195.151820504,92.3119165537259,27.7702518411712,206.99052223815,0.620110585978687,0.531605169184094,0.705396249063247
"250",2020-05-16,"Grand Est",8.06484458202026,5.2389673707921,11.9088454420852,3377.42646605378,2811.58815254211,4057.39249455919,273908.572971154,196440.75650446,372392.445528878,86.9817661801085,25.6800178969378,197.293708373232,0.620099324512562,0.531602474896721,0.705372193310229
"251",2020-05-17,"Grand Est",7.42814175104604,4.73718309123864,11.117884461754,3384.85460780483,2816.32533563334,4068.51037902095,273990.544912687,196464.472547688,372580.4939241,81.971941533009,23.7160432283011,188.04839522222,0.620088707393543,0.531599991791369,0.705349246678648
"252",2020-05-18,"Grand Est",6.84542943308066,4.26494337304501,10.385714950443,3391.70003723791,2820.59027900639,4078.89609397139,274067.80306554,196486.259573152,372759.471276615,77.2581528531832,21.7870254635828,178.97735251492,0.620078696238336,0.531597702985096,0.705327356209808
"253",2020-05-19,"Grand Est",6.31246387007895,3.84961700978095,9.70968315953396,3398.01250110799,2824.43989601617,4088.60577713092,274140.623775007,196506.274786489,372929.534619146,72.8207094671305,20.0152133370399,170.063342531653,0.620069255561128,0.531595593141238,0.705306472809035
"254",2020-05-20,"Grand Est",5.82499976683977,3.49101089545453,9.08223996522888,3403.83750087483,2827.93090691163,4097.68801709615,274209.266284957,196524.687130595,373091.828587743,68.6425099496449,18.4123441065974,162.293968596497,0.620060352219644,0.531593648223063,0.70528655016497
"255",2020-05-21,"Grand Est",5.37910849724313,3.14441660991892,8.51426390932347,3409.21660937207,2831.07532352154,4106.20228100548,274273.974322202,196541.6727361,373246.925474465,64.7080372447941,16.9856055046867,155.096886722407,0.620051955105091,0.531591855330991,0.705267544234853
"256",2020-05-22,"Grand Est",4.97102024157331,2.84981927642681,7.9757313198818,3414.18762961364,2833.92514279797,4114.17801232536,274334.977207094,196557.342085155,373394.308109328,61.0028848923989,15.6693490546794,147.382634863069,0.62004403495376,0.531590202586387,0.705249412998582
"257",2020-05-23,"Grand Est",4.59771943157765,2.58123932752431,7.47935025454867,3418.78534904522,2836.5063821255,4121.65736257991,274392.490748385,196571.797121578,373535.00119147,57.513541291042,14.4550364227543,140.693082141154,0.620036564215737,0.531588679040945,0.705232116328387
"258",2020-05-24,"Grand Est",4.25608615625336,2.34085119211312,7.01452682764238,3423.04143520148,2838.84723331761,4128.67188940755,274446.718037154,196585.107397387,373669.346088902,54.2272887691702,13.3102758091931,134.34489743273,0.620029516949465,0.531587274600533,0.705215615902433
"259",2020-05-25,"Grand Est",3.94336209115833,2.11506108179004,6.60205702662745,3426.98479729263,2840.9622943994,4135.27394643418,274497.85018568,196597.336925718,373797.456164846,51.1321485259499,12.2295283313583,128.110075943945,0.620022868728229,0.531585979957926,0.70519987513222
"260",2020-05-26,"Grand Est",3.65721076258685,1.90841702765696,6.19304124147754,3430.64200805522,2842.87071142706,4141.46698767565,274546.067026952,196608.591156636,373919.570774425,48.2168412717241,11.2542309179275,122.11460957873,0.62001659655307,0.53158478653173,0.705184859093064
"261",2020-05-27,"Grand Est",3.39498463756083,1.72664887592474,5.82483065307239,3434.03699269278,2844.59736030298,4147.29181832873,274591.537778919,196618.968473854,374036.065435141,45.4707519673529,10.3773172180265,116.494660715571,0.620010678770239,0.531583686410227,0.705170534454934
"262",2020-05-28,"Grand Est",3.15453978670342,1.56836397475878,5.49214565623354,3437.19153247948,2846.16572427774,4152.78396398496,274634.421674056,196628.559657369,374147.217102495,42.8838951361296,9.59118351500908,111.151667354266,0.620005094992732,0.531582672299494,0.705156869413758
"263",2020-05-29,"Grand Est",2.93373072351442,1.42921957238298,5.17121834420724,3440.125263203,2847.59494385012,4157.95518232917,274674.868554344,196637.42426353,374253.2706039,40.4468802883801,8.86460616119323,106.053501404806,0.619999826025865,0.53158173747543,0.705143833623957
"264",2020-05-30,"Grand Est",2.73055960870715,1.29989180877297,4.88799580070847,3442.85582281171,2848.89483565889,4162.84317812987,274713.019432241,196645.618620604,374354.458812913,38.1508778968561,8.19435707335181,101.188209012909,0.61999485379687,0.531580875739401,0.705131398132901
"265",2020-05-31,"Grand Est",2.54324128051669,1.17775753338552,4.62354834442166,3445.39906409222,2850.07259319228,4167.4667264743,274749.007018682,196653.193489062,374450.987906376,35.9875864408699,7.57486845877143,96.5290934633154,0.619990161288485,0.531580081377273,0.705119535317701
"266",2020-06-01,"Grand Est",2.37059868270575,1.07191424172633,4.35710627383792,3447.76966277493,2851.14450743401,4171.82383274813,274782.956219563,196660.195074671,374543.089202097,33.9492008812683,7.00158560883816,92.1012957214518,0.619985732476382,0.531579349121595,0.705108218824554
"267",2020-06-02,"Grand Est",2.21121530677175,0.977671102360622,4.1296022294021,3449.9808780817,2852.12217853637,4175.95343497754,274814.984602318,196666.655273856,374630.966537827,32.0283827553889,6.46019918432914,87.8773357300505,0.619981552270319,0.531578674116707,0.705097423510698
"268",2020-06-03,"Grand Est",2.06403998537064,0.892292047799863,3.89782892358152,3452.04491806707,2853.01447058417,4179.85126390112,274845.202834272,196672.608243095,374714.718604823,30.218231953303,5.95296923899005,83.752066995845,0.619977606458806,0.531578051886559,0.70508712538894
"269",2020-06-04,"Grand Est",1.92811779483511,0.813090766113591,3.69034663831604,3453.97303586191,2853.82756135028,4183.54161053943,274873.715094429,196678.106861838,374794.325007334,28.5122601577589,5.49861874320484,79.606402511068,0.619973881657063,0.531577478305045,0.705077301574696
"270",2020-06-05,"Grand Est",1.80253645257737,0.740244052157434,3.48989007505196,3455.77557231448,2854.56780540244,4187.03150061449,274900.619460317,196683.175291039,374870.099182738,26.9043658876821,5.06842920139436,75.7741754036497,0.619970365258121,0.531576949568643,0.705067930235428
"271",2020-06-06,"Grand Est",1.68632892884353,0.675747422781849,3.30169774144959,3457.46190124333,2855.24355282522,4190.33319835594,274926.008271383,196687.841849624,374942.362000387,25.3888110654649,4.6665585846924,72.2628176491284,0.619967045386867,0.531576462171198,0.705058990542398
"272",2020-06-07,"Grand Est",1.5787436862107,0.616875564285821,3.12504867785136,3459.04064492954,2855.8604283895,4193.45824703379,274949.968470404,196692.138401743,375011.097310202,23.9601990216196,4.29655211949786,68.7353098145654,0.619963910856825,0.531576012880675,0.705050462624611
"273",2020-06-08,"Grand Est",1.47894895072211,0.563510963562473,2.9615009695029,3460.51959388026,2856.42393935307,4196.41974800329,274972.581924255,196696.094285052,375076.535489551,22.6134538504159,3.95588330847834,65.4381793490744,0.619960951129554,0.531575598717727,0.705042327524877
"274",2020-06-09,"Grand Est",1.38626918291701,0.515581928831839,2.81217954102876,3461.90586306318,2856.9395212819,4199.23192754432,274993.925725288,196699.736511029,375138.909994758,21.3438010332861,3.6422259773126,62.374505207571,0.619958156276464,0.531575216935941,0.705034567157873
"275",2020-06-10,"Grand Est",1.30011449445833,0.473036407682417,2.67142320499329,3463.20597755764,2857.41255768958,4201.90335074931,275014.072474539,196703.090382647,375198.363404086,20.1467492511805,3.35387161747481,59.4534093276577,0.619955516942925,0.531574865003625,0.705027164270121
"276",2020-06-11,"Grand Est",1.21992915670312,0.434289113209723,2.53299398483981,3464.42590671434,2857.84684680279,4204.43634473415,275033.090547851,196706.178838178,375255.030982294,19.0180733117843,3.08845553168648,56.6675782084523,0.619953024314516,0.531574540587025,0.7050201024018
"277",2020-06-12,"Grand Est",1.14518772188936,0.39921352807451,2.41221613034063,3465.57109443623,2858.24606033087,4206.84856086449,275051.044345973,196709.022883193,375309.043082394,17.9537981221486,2.84404501461688,54.0121000993096,0.619950670085303,0.531574241534845,0.705013365850304
"278",2020-06-13,"Grand Est",1.07550650398078,0.366485014301505,2.29710803043491,3466.64660094021,2858.61254534517,4209.14566889493,275067.994529615,196711.641860748,375360.516572791,16.9501836417017,2.61897755554324,51.4734903976949,0.619948446427995,0.531573965863986,0.705006939635469
"279",2020-06-14,"Grand Est",1.01045905509667,0.337129134621896,2.19080341388346,3467.65705999531,2858.94967447979,4211.33647230881,275083.998240369,196714.059921401,375409.570751116,16.0037107547418,2.4180606521623,49.0541783247222,0.619946345965897,0.531573711746394,0.705000809466383
"280",2020-06-15,"Grand Est",0.94966656130959,0.309646299976838,2.08873415999058,3468.60672655662,2859.25932077977,4213.4252064688,275099.109308375,196716.296169414,375456.319311687,15.1110680053708,2.23624801319902,46.7485605712897,0.619944361746521,0.531573477496939,0.70499496170973
"281",2020-06-16,"Grand Est",0.892839370827556,0.284048052886376,1.99174623051742,3469.49956592744,2859.54336883265,4215.41695269932,275113.378447516,196718.364276131,375500.778648383,14.2691391414307,2.06810671761271,44.4593366952293,0.619942487216766,0.531573261562241,0.70498938335957
"282",2020-06-17,"Grand Est",0.839712055742622,0.260606528604478,1.89393639872309,3470.33927798319,2859.80397536126,4217.31088909804,275126.853438934,196720.276917727,375543.031506266,13.4749914173691,1.91264159555923,42.2528578834925,0.619940716199588,0.53157306251037,0.704984062008513
"283",2020-06-18,"Grand Est",0.789998406471731,0.238799716330506,1.80101247654475,3471.12927638966,2860.04277507759,4219.11190157459,275139.579303543,196722.040780599,375583.475629173,12.7258646091073,1.76386287221311,40.4441229067447,0.619939042872048,0.531572879021347,0.704978985820208
"284",2020-06-19,"Grand Est",0.74345134077946,0.21919204911212,1.71694088823634,3471.87272773044,2860.2619671267,4220.82884246282,275151.59846424,196723.663339229,375622.054979798,12.0191606969231,1.62255863013365,38.5793506253119,0.619937461744653,0.531572709878397,0.704974143503098
"285",2020-06-20,"Grand Est",0.699833712922786,0.201191005591467,1.63698723243219,3472.57256144336,2860.46315813229,4222.46582969526,275162.950898415,196725.155914191,375658.824009413,11.352434175121,1.49257496187887,36.7690296144214,0.619935967641941,0.531572553959878,0.704969524285371
"286",2020-05-10,"Hauts-de-France",11.0687249176115,7.99412949492105,15.0727509995647,1527.02887785389,1275.03703419286,1821.26487369112,136120.967147031,98252.0305624744,187936.324822754,266.750831464795,112.767833409121,538.309648950593,0.775098806238551,0.685166837032208,0.867811712628529
"287",2020-05-11,"Hauts-de-France",10.4730174837984,7.4371635985628,14.4685977093411,1537.50189533768,1282.47419779143,1835.73347140046,136378.287939747,98358.5971317082,188463.792711942,257.320792716112,106.566569233851,527.467889187598,0.77506261701907,0.685152752597501,0.867714647361424
"288",2020-05-12,"Hauts-de-France",9.91310455265596,6.93115231700742,13.8705343230768,1547.41499989034,1289.40535010844,1849.60400572354,136626.949699888,98459.4790409171,188978.831898813,248.66176014114,100.881909208825,515.039186870901,0.775027690467,0.685139416069029,0.867619915479386
"289",2020-05-13,"Hauts-de-France",9.38758665611328,6.43155697537555,13.3364132754006,1556.80258654645,1295.83690708381,1862.94041899894,136867.514616937,98554.8727466615,189482.354363078,240.564917048723,95.3937057444266,503.522464264997,0.774993923003385,0.685126769035971,0.867527268298384
"290",2020-05-14,"Hauts-de-France",8.89456226391851,5.97873687945555,12.7964132351681,1565.69714881037,1301.81564396327,1875.73683223411,137100.393790912,98645.8311422368,189975.432626158,232.879173974862,90.9583955753203,493.078263080703,0.774961239363474,0.68511476313064,0.867436545915796
"291",2020-05-15,"Hauts-de-France",8.43232726580782,5.57968499351356,12.325043015869,1574.12947607618,1307.39532895678,1888.06187524998,137325.907883154,98731.9828792961,190456.789617404,225.514092241579,86.1517370592489,481.356991245791,0.774929584744466,0.685103358598328,0.86734765093295
"292",2020-05-16,"Hauts-de-France",7.99942474551516,5.19012819778968,11.8366097208594,1582.12890082169,1312.58545715457,1899.89848497084,137544.3276138,98814.0103547522,190926.648925805,218.419730646162,82.0274754561537,469.859308400825,0.774898916564859,0.685092521620615,0.867260521453844
"293",2020-05-17,"Hauts-de-France",7.59406194464419,4.83651315804165,11.3850295018117,1589.72296276634,1317.42197031261,1911.28351447265,137755.896647625,98891.9522947641,191386.344725233,211.569033825054,77.9419400118451,459.69579942757,0.774869198967042,0.68508222225635,0.867179146602451
"294",2020-05-18,"Hauts-de-France",7.21481213039454,4.50119468572383,10.9680105183162,1596.93777489673,1321.92316499834,1922.25152499097,137960.843176924,98965.7735839488,191838.217415973,204.946529298832,73.8212891847123,451.872690740522,0.774840399714278,0.685072433150052,0.867114232837148
"295",2020-05-19,"Hauts-de-France",6.86026010570528,4.19757547071439,10.5750493166031,1603.79803500244,1326.12074046905,1932.82657430757,138159.385256992,99036.0953688157,192279.69922964,198.542080068308,70.3217848669031,441.481813666432,0.7748124886229,0.685063128799954,0.867050599715678
"296",2020-05-20,"Hauts-de-France",6.52883569961327,3.91916752967208,10.1881293906203,1610.32687070205,1330.03990799872,1943.01470369819,138351.733050499,99103.1543079661,192710.36329036,192.347793506643,67.0589391504086,430.664060719961,0.774785436842151,0.685054285165748,0.866988222898207
"297",2020-05-21,"Hauts-de-France",6.21887314282729,3.66111814141928,9.85816743300465,1616.54574384488,1333.70102614014,1952.87287113119,138538.089698817,99167.1014177739,193131.844546865,186.356648318087,63.9471098077841,421.481256505712,0.774759216552889,0.685045879460901,0.86692707849596
"298",2020-05-22,"Hauts-de-France",5.92896304448657,3.41579386151637,9.52572451526342,1622.47470688937,1337.11682000166,1962.39859564646,138718.651659959,99228.0808021754,193545.581081327,180.561961141865,60.9793844015498,413.736534461638,0.774733800851982,0.685037890036932,0.86686714294604
"299",2020-05-23,"Hauts-de-France",5.6579069025223,3.20672354090251,9.19555104778408,1628.13261379189,1340.32354354256,1971.59414669424,138893.608880834,99286.2299840905,193950.932563886,174.957220875874,58.1491819150644,405.351482559186,0.774709163708596,0.685030296309984,0.866808393011047
"300",2020-05-24,"Hauts-de-France",5.40434190518054,3.00630872127219,8.88360116995351,1633.53695569707,1343.32985226383,1980.47774786419,139063.144943333,99341.5145745353,194346.640739412,169.536062498675,55.2845904448647,395.708175526154,0.774685279942638,0.685023078705479,0.86675080580781
"301",2020-05-25,"Hauts-de-France",5.16697672258611,2.82100877213061,8.58665502755376,1638.70393241965,1346.15086103596,1989.06440289175,139227.437224878,99393.8499275931,194732.912792008,164.292281545027,52.3353530577636,386.272052595905,0.774662125206574,0.685016218610048,0.866694358832657
"302",2020-05-26,"Hauts-de-France",4.94483772065101,2.64981569556386,8.30343739767644,1643.64877014031,1348.80067673153,1997.36784028942,139386.657077212,99443.3862111875,195109.970631706,159.219852334289,49.5362835944455,377.057839697935,0.774639675965106,0.685009698326533,0.866639029976145
"303",2020-05-27,"Hauts-de-France",4.73645036928897,2.49061270636633,8.04955611936674,1648.38522050959,1351.29128943789,2005.41739640879,139540.970016804,99490.270842015,195478.259942165,154.312939592075,46.8846308274275,368.289310459204,0.774617909472337,0.685003501030696,0.86658479752873
"304",2020-05-28,"Hauts-de-France",4.54093886601773,2.34170647918594,7.82111762892093,1652.92615937561,1353.63299591708,2013.23851403771,139690.535919665,99534.8115628052,195838.437600958,149.565902860131,44.5407207902038,360.177658793148,0.774596803747249,0.684997610729367,0.866531640180443
"305",2020-05-29,"Hauts-de-France",4.35722209298747,2.20700291051325,7.57741403148736,1657.2833814686,1355.83999882759,2020.8159280692,139835.509215394,99577.2287579325,196191.174028928,144.973295729341,42.4171951273354,352.736427969214,0.774576337548546,0.684992012220127,0.866479537017183
"306",2020-05-30,"Hauts-de-France",4.18420553271301,2.08037874226615,7.37290011515172,1661.46758700131,1357.92037756986,2028.18882818435,139976.039077392,99617.7197015768,196536.625892795,140.529861998018,40.4909436443113,345.451863867749,0.774556490349544,0.68498669105262,0.866428467515305
"307",2020-05-31,"Hauts-de-France",4.02100379028084,1.95679222398443,7.17854548707766,1665.48859079159,1359.87716979384,2035.36737367143,140112.269607648,99656.2448741879,196875.647590184,136.23053025633,38.5251726111349,339.021697388421,0.774537242313509,0.684981633491572,0.866378411535448
"308",2020-06-01,"Hauts-de-France",3.86694542758554,1.85128695410464,6.99365853351547,1669.35553621918,1361.72845674795,2042.36103220494,140244.340015453,99692.8497202698,197206.982544489,132.070407804435,36.6048460819107,331.334954304897,0.774518574269706,0.684976826481534,0.866329349316094
"309",2020-06-02,"Hauts-de-France",3.72120307959131,1.75112633801819,6.81706357696321,1673.07673929877,1363.47958308597,2049.17809578191,140372.384789847,99727.7027066021,197531.475873114,128.044774394696,34.8529863322866,324.493328625569,0.774500467690204,0.684972257613302,0.866281261467084
"310",2020-06-03,"Hauts-de-France",3.58320499803202,1.65610577646184,6.6359855271148,1676.6599442968,1365.13568886243,2055.81408130902,140496.533865885,99760.8457793988,197849.282631712,124.149076037811,33.1430727966427,317.806758597686,0.774482904667495,0.684967915091968,0.866234128963189
"311",2020-06-04,"Hauts-de-France",3.45241013071425,1.56371947873262,6.46123175147718,1680.11235442752,1366.69940834116,2062.2753130605,140616.912784863,99792.3054007638,198160.590232989,120.37891897741,31.4596213650711,311.307601277108,0.774465867892895,0.684963787706551,0.866187933137754
"312",2020-06-05,"Hauts-de-France",3.32828639841786,1.47551438577787,6.30881303159407,1683.44064082593,1368.17492272694,2068.58412609209,140733.642848734,99822.1792675697,198465.421621292,116.730063871025,29.8738668058345,304.831388302857,0.774449340635731,0.684959864801107,0.866142655676449
"313",2020-06-06,"Hauts-de-France",3.21027408830584,1.3927987071911,6.16180750347471,1686.65091491424,1369.56772143413,2074.74593359557,140846.841268919,99850.641099863,198763.572859311,113.198420185406,28.4618322933372,298.151238018832,0.774433306723256,0.68495613624728,0.866098278611107
"314",2020-06-07,"Hauts-de-France",3.09797907413821,1.31550846504112,6.01967386708008,1689.74889398838,1370.88322989917,2080.76560746265,140956.621309721,99877.7231815124,199055.953276052,109.780040802258,27.0820816493541,292.380416740832,0.774417750521321,0.684952592418195,0.866054784313651
"315",2020-06-08,"Hauts-de-France",2.99091604325087,1.24305971801634,5.87817388057355,1692.73981003163,1372.12628961719,2086.64378134322,141063.092426548,99903.4004585862,199342.307740456,106.471116826562,25.6772770738646,286.354464404696,0.774402656915693,0.68494922416365,0.866012155490113
"316",2020-06-09,"Hauts-de-France",2.88870411111006,1.17518613579608,5.73845607305973,1695.62851414274,1373.30147575298,2092.38223741628,141166.360399137,99927.7878225575,199622.752092207,103.267972588996,24.3873639712347,280.444351750191,0.774388011294074,0.684946022786533,0.865969782811632
"317",2020-06-10,"Hauts-de-France",2.79102335595376,1.11152921965949,5.61103237755813,1698.41953749869,1374.41300497264,2097.99326979384,141266.527459971,99950.9810232165,199897.406046822,100.167060834321,23.1932006590313,274.653954615932,0.774373799528755,0.684942980020395,0.865928236651647
"318",2020-06-11,"Hauts-de-France",2.69756337706191,1.05286863940595,5.4953738529988,1701.11710087576,1375.46587361205,2103.48864364684,141363.692418059,99973.0881150613,200166.469306465,97.1649580881944,22.1070918448169,269.063259642478,0.774360007959885,0.684940088008146,0.865887517892487
"319",2020-06-12,"Hauts-de-France",2.60800265794428,0.998670192186209,5.36948579662869,1703.7251035337,1376.46454380423,2108.85812944347,141457.950778255,99994.2051664702,200430.382444564,94.2583601954016,21.1170514089069,263.913138098823,0.774346623379334,0.684937339281791,0.86584761029038
"320",2020-06-13,"Hauts-de-France",2.52215727900783,0.947880997977106,5.25582039191045,1706.24726081271,1377.41242480221,2114.11394983538,141549.394856278,100014.372810077,200689.242580368,91.444078022942,20.1676436067161,258.860135804314,0.774333633015148,0.684934726743175,0.865808497911157
"321",2020-06-14,"Hauts-de-France",2.43973111948873,0.902045042233502,5.12931859434857,1708.6869919322,1378.31446984444,2119.24326842973,141638.113889599,100033.481887896,200943.145057603,88.7190333217137,19.1090778193957,253.902477235166,0.774321024516533,0.684932243645678,0.865770165124717
"322",2020-06-15,"Hauts-de-France",2.36053693789106,0.858657176864846,5.00617136023695,1711.04752887009,1379.17312702131,2124.24943978996,141724.19414434,100051.58796311,201191.955165686,86.0802547408465,18.1060752139667,248.810108082634,0.774308785939385,0.684929883576812,0.865732596599584
"323",2020-06-16,"Hauts-de-France",2.28437854239883,0.817402805535353,4.89115183162504,1713.33190741249,1379.99052982684,2129.14059162159,141807.719018329,100068.750480064,201435.713835136,83.5248739889655,17.1625169536186,243.75866945001,0.774296905732352,0.684927640441685,0.865695777297542
"324",2020-05-10,"Normandie",1.97070936824437,1.20002027430627,2.9971266663505,376.066788565748,296.43573515023,471.716384051549,32272.3902725443,20920.2730198455,48053.8599836765,25.7247789767996,4.698739050048,73.5611906879183,0.662921863035136,0.515053217236418,0.804326754509347
"325",2020-05-11,"Normandie",1.82477338307511,1.08706956827772,2.82722962807677,377.891561948823,297.522804718507,474.543613679626,32296.7861781494,20924.5692243098,48124.8478130256,24.395905605088,4.29620446428625,70.9878293491741,0.662916325129801,0.51505262223705,0.804310783097501
"326",2020-05-12,"Normandie",1.68999686785247,0.983195220014384,2.67736808005415,379.581558816676,298.505999938522,477.22098175968,32319.9803146706,20928.5104131599,48193.5425472021,23.1941365211398,3.94118885011184,68.6947341764648,0.662911066363062,0.515052080735346,0.804295399533897
"327",2020-05-13,"Normandie",1.56571927610349,0.88335370827042,2.52648492964373,381.147278092779,299.389353646792,479.747466689324,32342.0712396643,20932.1313749252,48260.1458072349,22.090924993717,3.6209617653287,66.6032600327767,0.662906059957785,0.515051586313382,0.804280534813009
"328",2020-05-14,"Normandie",1.45114088229984,0.797597937197984,2.38902809214476,382.598418975079,300.18695158399,482.136494781469,32363.1347509988,20935.4625999422,48324.6113612628,21.0635113345016,3.33122501697998,64.4655540279673,0.662901285259509,0.515051133761492,0.804266140731833
"329",2020-05-15,"Normandie",1.34556139622457,0.717081418172167,2.25489353871553,383.943980371304,300.904033002162,484.391388320184,32383.2318470127,20938.5185888812,48387.0409366682,20.097096013868,3.05598893898739,62.429575405353,0.66289672649251,0.515050718870178,0.80425218573119
"330",2020-05-16,"Normandie",1.24837653811181,0.643870505598892,2.14744056288985,385.192356909416,301.547903507761,486.538828883074,32402.4144935286,20941.3213686601,48447.5049633021,19.1826465159805,2.80277977890556,60.4640266338568,0.6628923710377,0.515050338146617,0.8042386484301
"331",2020-05-17,"Normandie",1.1589714923932,0.57803301176399,2.04727127468139,386.351328401809,302.125936519525,488.586100157755,32420.7291043219,20943.9080783293,48505.886288063,18.314610793262,2.58670966923032,58.3813247609254,0.662888208185961,0.515049988598119,0.804225512953602
"332",2020-05-18,"Normandie",1.07679014241314,0.518985158025452,1.94670169482012,387.428118544222,302.644921677551,490.532801852576,32438.2184401258,20946.2985194614,48562.2167789272,17.4893358039399,2.39044113205074,56.3304908642389,0.662884228387755,0.515049667590087,0.804212766187903
"333",2020-05-19,"Normandie",1.00132111895127,0.466090985018451,1.84578477855621,388.429439663173,303.111012662569,492.378586631132,32454.9225796643,20948.4822876067,48617.0911878349,16.7041395384421,2.18376814533729,54.874408907719,0.662880422845554,0.515049372758672,0.80420039635769
"334",2020-05-20,"Normandie",0.93201395010537,0.419751857972843,1.75095334154037,389.361453613279,303.530764520542,494.129539972672,32470.8794013497,20950.4767748762,48670.3467790025,15.9568216854544,1.99448726950459,53.2555911675676,0.662876783307066,0.515049101957915,0.804188392363125
"335",2020-05-21,"Normandie",0.86833380874064,0.378144169564896,1.66331168096365,390.229787422019,303.908908690107,495.792851653636,32486.1248290378,20952.3042529357,48721.9310566333,15.2454276880465,1.82747805945847,51.5842776308231,0.662873301964033,0.515048853226885,0.80417749176018
"336",2020-05-22,"Normandie",0.809805241436469,0.340647460450897,1.58072341411803,391.039592663456,304.249556150558,497.373575067754,32500.6929736586,20953.9910839295,48771.8278876766,14.5681446208225,1.68683099381171,49.8968310432648,0.662869971401666,0.515048624767787,0.804168280296303
"337",2020-05-23,"Normandie",0.756019398630734,0.306069371477148,1.50994557988452,391.795612062086,304.555625522035,498.883520647638,32514.6162331476,20955.5443911942,48820.2276104522,13.9232594889985,1.55330726467592,48.3997227756347,0.662866784570302,0.515048414929925,0.804159341480268
"338",2020-05-24,"Normandie",0.706585860686983,0.275120282329673,1.4481550008735,392.502197922773,304.830745804365,500.331675648512,32527.9253773093,20956.9673262355,48867.0808655951,13.3091441616953,1.42293504129865,46.8532551429173,0.662863734765797,0.515048222196814,0.804150667283649
"339",2020-05-25,"Normandie",0.661127278335863,0.247446579139084,1.39082009880911,393.163325201109,305.078192383504,501.722495747321,32540.6496274536,20958.2708530592,48912.5028129696,12.7242501443033,1.30352682373036,45.4219473744754,0.662860815612964,0.515048045175081,0.804142249899133
"340",2020-05-26,"Normandie",0.619370527002186,0.22275481488306,1.3276439224357,393.782695728111,305.300947198387,503.050139669757,32552.8167335695,20959.4649970758,48956.5103533592,12.1671061159001,1.19414401656074,44.0075403895517,0.662858021050006,0.51504788258452,0.804134081740855
"341",2020-05-27,"Normandie",0.580932269644754,0.201347461934584,1.28111961427744,394.363627997756,305.502294660321,504.331259284034,32564.4530492575,20960.5589362855,48999.1892366508,11.6363156879682,1.09393920977409,42.678883291604,0.662855345313334,0.515047733249002,0.804126155442178
"342",2020-05-28,"Normandie",0.545546575372525,0.1824667114677,1.2295209742812,394.909174573129,305.684761371789,505.560780258315,32575.5836039899,20961.5610789563,49040.668389115,11.1305547324555,1.0021426707603,41.4791524642106,0.66285278292277,0.515047596088101,0.804118463851648
"343",2020-05-29,"Normandie",0.512896714288855,0.165416227747479,1.17959478006859,395.422071287418,305.850177599537,506.740375038384,32586.2321722874,20962.4791279983,49080.9806204016,10.6485682974422,0.918049041962536,40.3122312866621,0.662850328667213,0.51504747010937,0.804111000027891
"344",2020-05-30,"Normandie",0.482706344245973,0.149602481341104,1.13227964155592,395.904777631663,305.999780080878,507.87265467994,32596.4213395801,20963.3196838325,49120.1551621364,10.1891672927438,0.840555834269535,39.1745417347452,0.662847977590919,0.515047354401219,0.804103757234009
"345",2020-05-31,"Normandie",0.454711384553589,0.135255140257085,1.08717870672425,396.359489016217,306.135035221135,508.959833386664,32606.1725646949,20964.0897512712,49158.2240819431,9.75122511478449,0.770067438702483,38.0689198066681,0.66284572498037,0.515047248126346,0.804096728931819
"346",2020-06-01,"Normandie",0.428752205695454,0.122862129895676,1.04495840715824,396.788241221913,306.25789735103,510.004791793822,32615.5062390202,20964.7966303124,49195.2185461008,9.33367432535232,0.706879041119767,36.9944641577115,0.662843566351837,0.515047150515699,0.804089908776095
"347",2020-06-02,"Normandie",0.404632225398745,0.111661042598642,1.00239629081189,397.192873447311,306.369558393629,511.007188084634,32624.4417424694,20965.4454814091,49231.1688447001,8.93550344910425,0.648851096740001,35.9502985993675,0.662841497439547,0.515047060862916,0.80408329060893
"348",2020-06-03,"Normandie",0.382210035619711,0.101543656644998,0.965394632633154,397.575083482931,306.471102050274,511.972582717267,32632.9974963899,20966.0410681511,49266.10441614,8.5557539205447,0.595586742044338,34.9355714398062,0.66283951418452,0.515046978519223,0.804076868454227
"349",2020-06-04,"Normandie",0.361364038532693,0.0923524755418002,0.928483199549837,397.936447521464,306.563454525816,512.901065916817,32641.1910135808,20966.585882333,49299.9391862505,8.19351719092004,0.544814181866068,33.8347701105451,0.662837612723977,0.515046902888734,0.804070636512355
"350",2020-06-05,"Normandie",0.341972464878273,0.0836954833402159,0.899136070862457,398.278419986342,306.647150009156,513.80020198768,32649.0389455755,20967.0860479953,49332.7049371027,7.84793199467038,0.500165662323413,32.7657508521775,0.66283578938131,0.515046833424145,0.804064589154951
"351",2020-06-06,"Normandie",0.32389922814937,0.0760926071779902,0.865921503687596,398.602319214491,306.723242616334,514.666123491367,32656.5571273454,20967.5467407755,49364.4354191481,7.51818176992962,0.460692780194898,31.7304820454275,0.662834040656611,0.51504676962277,0.80405872091988
"352",2020-06-07,"Normandie",0.307040478741628,0.0693245017608331,0.835248983570701,398.909359693233,306.792567118095,515.501372474938,32663.7606195709,20967.9696544562,49395.1636847187,7.20349222546774,0.422913680719378,30.7282655705911,0.662832363217689,0.515046711022909,0.804053026506347
"353",2020-06-08,"Normandie",0.291280903757965,0.0631091409351916,0.80564068976734,399.200640596991,306.85567625903,516.307013164705,32670.6637486168,20968.3578766102,49425.0043826091,6.9031290458911,0.388222153967158,29.8406978904207,0.662830753891574,0.515046657200498,0.804047500770142
"354",2020-06-09,"Normandie",0.27652354006102,0.0574954106361437,0.773026004366161,399.477164137052,306.913171669666,517.080039169071,32677.2801443438,20968.7142297872,49454.0716869024,6.6163957270189,0.356353176969027,29.0673042932597,0.662829209656471,0.515046607766049,0.804042138719034
"355",2020-06-10,"Normandie",0.262691149476781,0.0524967319643801,0.74446381270088,399.739855286529,306.965668401631,517.824502981772,32683.6227758775,20969.0413301281,49482.2753613789,6.34263153372782,0.327100340911401,28.2036744765594,0.662827727634139,0.515046562361826,0.804036935508294
"356",2020-06-11,"Normandie",0.249703084416156,0.047898132045506,0.717628281169337,399.989558370945,307.013566533676,518.542131262942,32689.7039854505,20969.341579011,49509.6137616612,6.0812095730101,0.300248882937208,27.3384002822544,0.66282630508268,0.515046520659259,0.804031886436356
"357",2020-06-12,"Normandie",0.237489151215923,0.0436626694344884,0.691987064622164,400.227047522161,307.057229203111,519.234118327564,32695.535520426,20969.6171876048,49536.1604651203,5.83153497544555,0.275608593813131,26.5467034590849,0.6628249393897,0.515046482356563,0.804026986940594
"358",2020-06-13,"Normandie",0.22599620276531,0.0398388111346809,0.667494477549869,400.453043724926,307.097068014245,519.901612805114,32701.1285636047,20969.8701886666,49561.9383991415,5.59304317871798,0.253001061736513,25.7779340212097,0.66282362806583,0.515046447176559,0.804022232593232
"359",2020-06-14,"Normandie",0.215163861012645,0.0364007903491876,0.644919196934398,400.668207585939,307.133468804594,520.546532002048,32706.4937619119,20970.1024366408,49586.9760974407,5.36519830720564,0.232247974180697,25.0376982991915,0.662822368738604,0.515046414864664,0.804017619097374
"360",2020-06-15,"Normandie",0.204940122340237,0.0333830135847481,0.627748296511563,400.873147708279,307.166851818179,521.17428029856,32711.6412535539,20970.3156409492,49611.2951819474,5.14749164204501,0.213204308432699,24.3190845067165,0.662821159146633,0.515046385187051,0.804013142283138
"361",2020-06-16,"Normandie",0.195285736927013,0.0306314433411257,0.607982868883317,401.068433445206,307.19748326152,521.782263167443,32716.5806937304,20970.5113783362,49634.9162687078,4.93944017640876,0.195737387022042,23.6210867603849,0.662819997134097,0.515046357928956,0.80400879810392
"362",2020-06-17,"Normandie",0.186169240126732,0.0280378167402366,0.582630826490662,401.254602685333,307.225521078261,522.364893993934,32721.3212789814,20970.6915192094,49657.8575211916,4.74058525105856,0.180140873143821,22.9412524838029,0.662818880645525,0.515046332893123,0.804004582632759
"363",2020-06-18,"Normandie",0.177550049493163,0.0257035287041557,0.560420518703743,401.432152734826,307.251224606965,522.925314512637,32725.8717702469,20970.8569069399,49680.1364763995,4.55049126553114,0.165387730507737,22.2789552078818,0.662817807720847,0.51504630989838,0.804000492058804
"364",2020-06-19,"Normandie",0.16939412896924,0.0235453832521191,0.542468431579558,401.601546863795,307.274769990217,523.467782944217,32730.2405147075,20971.0083226076,49701.7721735324,4.36874446059469,0.151415667734513,21.6356971329564,0.66281677649069,0.515046288778321,0.803996522683894
"365",2020-06-20,"Normandie",0.161670784900574,0.0215772771924427,0.52580935629957,401.763217648696,307.296347267409,523.993592300517,32734.4354664754,20971.1473057286,49722.7804813561,4.19495176787378,0.138983121017708,21.0083078236766,0.662815785171943,0.515046269380112,0.803992670919234
"366",2020-06-21,"Normandie",0.154344327381321,0.0197779672272258,0.510511088529268,401.917561976077,307.316125234636,524.504103389046,32738.4642061982,20971.2748788401,49743.0646288444,4.02873972278615,0.127573111449927,20.2841474882982,0.662814832063512,0.515046251563375,0.803988933282166
"367",2020-06-22,"Normandie",0.147398560524705,0.0181324866413094,0.495714657920018,402.064960536602,307.334257721278,524.999818046966,32742.3339596354,20971.3919874329,49762.6191220483,3.86975343716464,0.117108592830716,19.5544932038565,0.66281391554234,0.515046235199178,0.803985306393041
"368",2020-06-23,"Normandie",0.140801858330448,0.016613084435252,0.483023113025439,402.205762394932,307.350870805713,525.482841159991,32746.0516152635,20971.4994898875,49781.4701718809,3.71765562815266,0.107502454627767,18.8510498326482,0.662813034059588,0.5150462201691,0.803981786972178
"369",2020-06-24,"Normandie",0.134536885729646,0.0151796910048507,0.471062969268117,402.340299280662,307.366050496718,525.953904129259,32749.6237409637,20971.5981741733,49799.6420436015,3.57212570016447,0.098684285816237,18.1718717205753,0.662812186137047,0.515046206364375,0.803978371836911
"370",2020-06-25,"Normandie",0.12858100001936,0.0138701583131519,0.45589824980759,402.468880280681,307.379920655031,526.409802379067,32753.0565998406,20971.6887636244,49817.1592084413,3.43285887689102,0.0905894510313524,17.5171648398189,0.662811370363705,0.515046193685103,0.803975057898729
"371",2020-06-26,"Normandie",0.122920086994541,0.0126763303296446,0.440919615843619,402.591800367676,307.392596985361,526.85072199491,32756.3561652211,20971.7719222412,49834.0452562934,3.29956538051065,0.0831586168041976,16.8860478521367,0.662810585392515,0.515046182039532,0.803971842160497
"372",2020-06-27,"Normandie",0.117537380678132,0.011640145380278,0.427805643726924,402.709337748354,307.404237130741,527.278527638637,32759.5281348765,20971.8482595578,49850.4028331753,3.17196965543145,0.0763373166591986,16.3575768818594,0.6628098299373,0.515046171343385,0.803968721713752
"373",2020-06-28,"Normandie",0.112416902432978,0.0107436412050916,0.41420355027478,402.821754650787,307.414980771946,527.692731188912,32762.5779445106,20971.9183351097,49866.2755296422,3.04980963404876,0.0700755518855655,15.8726964668919,0.662809102769838,0.51504616151926,0.803965693736093
"374",2020-06-29,"Normandie",0.107544895117551,0.00987606203449083,0.401042870220131,402.929299545904,307.42485683398,528.093774059132,32765.5107805527,20971.9826718454,49881.6777111471,2.93283604214953,0.0643367356453459,15.4021815049099,0.662808402717082,0.515046152496064,0.803962755488633
"375",2020-06-30,"Normandie",0.10290557269496,0.00905924364651891,0.38913680426321,403.032205118599,307.433916077627,528.482910863396,32768.3315922944,20972.0417678863,49896.6233180129,2.82081174173356,0.0590960409243936,14.9456068657639,0.662807728658528,0.5150461442085,0.803959904313537
"376",2020-05-10,"Nouvelle-Aquitaine",2.32855703546128,1.44992299303753,3.53634402156148,379.087578343553,294.633679866249,482.248524797278,32892.1887987721,20904.990805856,48561.1487455209,43.6571458932392,10.5830072931492,109.762098704493,0.733258728073863,0.610176650191668,0.859033973106927
"377",2020-05-11,"Nouvelle-Aquitaine",2.18058504701767,1.32375323743871,3.36490385145189,381.268163390571,295.957433103687,485.61342864873,32934.1197176972,20914.8644145871,48667.8777099906,41.9309189251176,9.873608731092,106.728964469638,0.733253098491143,0.610175322883385,0.859019568669801
"378",2020-05-12,"Nouvelle-Aquitaine",2.04275666550909,1.21109898509035,3.19987048162852,383.31092005608,297.168532088778,488.813299130359,32974.4715055327,20924.0719299142,48771.8319975535,40.3517878354993,9.20751532710842,103.954287562896,0.73324768668331,0.610174084678815,0.859005530777541
"379",2020-05-13,"Nouvelle-Aquitaine",1.91459500407953,1.106366547833,3.04938590164078,385.225515060159,298.274898636611,491.862685032,33013.3508809292,20932.6725921535,48873.0079391814,38.8793753964667,8.6006622392766,101.175941627965,0.73324247402419,0.610172927564955,0.858991820050512
"380",2020-05-14,"Nouvelle-Aquitaine",1.79544947771164,1.0107673095893,2.91394133359611,387.020964537871,299.2856659462,494.776626365596,33050.837500123,20940.7421668077,48971.8958734088,37.4866191938373,8.06957465418236,98.8879342273231,0.733237447071989,0.610171844914099,0.858978411425661
"381",2020-05-15,"Nouvelle-Aquitaine",1.68479765644931,0.92482767982741,2.77736624344337,388.70576219432,300.210493626027,497.553992609039,33086.9951559943,20948.3040035478,49068.3899572227,36.1576558712658,7.5618367401304,96.4940838139821,0.733232595859059,0.610170831196197,0.858965289537352
"382",2020-05-16,"Nouvelle-Aquitaine",1.58212244412744,0.847970607590046,2.65127475658141,390.287884638448,301.058464233617,500.205267365621,33121.8787997851,20955.3794089903,49162.1570628171,34.8836437908502,7.07540544244002,93.7671055943689,0.733227912447327,0.61016988164764,0.858952444434024
"383",2020-05-17,"Nouvelle-Aquitaine",1.48690947165686,0.777760958122976,2.53879544509673,391.774794110105,301.83622519174,502.744062810717,33155.5383826597,20961.9999582115,49253.9353658587,33.6595828745521,6.62054922118471,91.7783030416213,0.733223390022244,0.610168992033531,0.858939868857309
"384",2020-05-18,"Nouvelle-Aquitaine",1.39869071556984,0.710498598852104,2.43679357734938,393.173484825675,302.546723790592,505.180856388067,33188.0207636945,20968.1949298925,49343.7395748563,32.4823810348741,6.1949716810938,89.8042089975184,0.733219022397665,0.610168158499794,0.858927556770973
"385",2020-05-19,"Nouvelle-Aquitaine",1.31701882057899,0.648893918403633,2.34498937735347,394.490503646254,303.195617708996,507.52584576542,33219.3705837957,20973.988714701,49431.675263001,31.3498201011564,5.79378480846455,87.9356881447875,0.73321480377059,0.610167377486963,0.858915502655444
"386",2020-05-20,"Nouvelle-Aquitaine",1.24140162750465,0.592634003071568,2.25229692157055,395.731905273758,303.788251712068,509.778142686991,33249.6306410721,20979.4018609054,49517.751428009,30.260057276393,5.41314620435753,86.076165007982,0.733210728609427,0.610166645680715,0.858903701208338
"387",2020-05-21,"Nouvelle-Aquitaine",1.17137811493981,0.54222280385093,2.1696822539899,396.903283388698,304.330474515919,511.947824940981,33278.842050236,20984.4593511868,49602.0069037054,29.2114091638892,5.0574902814373,84.2554756963268,0.733206791606549,0.610165959982425,0.858892147236653
"388",2020-05-22,"Nouvelle-Aquitaine",1.10651481251203,0.497765990732411,2.08635071176936,398.00979820121,304.828240506651,514.03417565275,33307.0443205283,20989.1845357608,49684.4798704933,28.202270292387,4.72518457400201,82.4729667879587,0.73320298765861,0.610165317489949,0.858880835628773
"389",2020-05-23,"Nouvelle-Aquitaine",1.04646122746398,0.455512779986719,2.00812263587873,399.056259428674,305.283753286638,516.042298288629,33334.2754094037,20993.5994887886,49765.2078074307,27.2310888753254,4.41495302782681,80.727936937362,0.733199311857273,0.610164715483401,0.85886976135422
"390",2020-05-24,"Nouvelle-Aquitaine",0.990828997574385,0.418466592581442,1.93909185834987,400.047088426248,305.702219879219,517.981390146979,33360.5717727881,20997.7246472141,49844.2274624185,26.2963633843932,4.12515842544301,79.0196549877831,0.733195759482994,0.610164151413342,0.858858919469773
"391",2020-05-25,"Nouvelle-Aquitaine",0.939263008224851,0.385651243810206,1.86993210328878,400.986351434473,306.087871123029,519.851322250267,33385.9684174032,21001.5790305165,49921.574840478,25.3966446151009,3.85438330240034,77.3473780595771,0.733192325999185,0.610163622890204,0.858848305124739
"392",2020-05-26,"Nouvelle-Aquitaine",0.891492873595802,0.35484028866984,1.80181678686555,401.877844308069,306.442711411699,521.653139037133,33410.4989551801,21005.1822261415,49997.3675731394,24.5305377769739,3.60319562497879,75.7927326613852,0.733189007046068,0.61016312767448,0.858837913563819
"393",2020-05-27,"Nouvelle-Aquitaine",0.847122883965308,0.326672852153225,1.74015976001342,402.724967192034,306.769384263852,523.393298797146,33434.195658424,21008.55909401,50071.56154139,23.6967032439058,3.37686786852948,74.1939682505437,0.73318579843422,0.610162663667471,0.858827740127933
"394",2020-05-28,"Nouvelle-Aquitaine",0.805911817117777,0.300716260071964,1.68272396336967,403.530879009152,307.070100523924,525.076022760516,33457.0895144641,21011.7222264741,50144.0984397419,22.893856040042,3.16313246411139,72.5368983519162,0.73318269613799,0.610162228902562,0.8588177802537
"395",2020-05-29,"Nouvelle-Aquitaine",0.767555895315181,0.277179606623607,1.62727928753784,404.298434904467,307.347280130548,526.703302048054,33479.2102789433,21014.6793837419,50215.1010365907,22.1207644792273,2.95715726775345,71.002596848791,0.733179696288948,0.610161821536979,0.858808029472168
"396",2020-05-30,"Nouvelle-Aquitaine",0.731772396257549,0.255640960263491,1.57878574753291,405.030207300725,307.602921090812,528.282087795587,33500.5865272835,21017.4440463996,50284.6014873709,21.3762483402043,2.76466265771206,69.5004507801799,0.733176795169497,0.610161439844034,0.858798483407182
"397",2020-05-31,"Nouvelle-Aquitaine",0.698311103575245,0.23519446630095,1.53574735969595,405.7285184043,307.838115557112,529.817835155283,33521.2457041219,21020.0327249914,50352.6304907362,20.6591768383377,2.58867859188389,68.0290033653078,0.733173989206692,0.610161082205834,0.858789137773585
"398",2020-06-01,"Nouvelle-Aquitaine",0.66701641910849,0.216488376102412,1.48326809723512,406.395534823409,308.054603933215,531.301103252518,33541.2141706687,21022.4503552227,50419.2191066659,19.9684665468757,2.41763023123117,66.5886159297204,0.733171274966261,0.610160747106436,0.858779988375392
"399",2020-06-02,"Nouvelle-Aquitaine",0.637665174004411,0.199811703142426,1.4385419350005,407.033199997413,308.254415636357,532.739645187518,33560.5172500166,21024.7248075995,50484.3956684258,19.3030793478389,2.2744523768452,65.176561759903,0.733168649146946,0.610160433125428,0.858771031103957
"400",2020-06-03,"Nouvelle-Aquitaine",0.610127585944173,0.184588927971698,1.39287816864889,407.643327583357,308.439004564329,534.132523356167,33579.1792704663,21026.8583480486,50548.1871739744,18.6620204497402,2.13354044904429,63.7915055486483,0.733166108574991,0.610160138931913,0.858762261936173
"401",2020-06-04,"Nouvelle-Aquitaine",0.584258387970441,0.17075588598476,1.34846787909758,408.227585971328,308.609760450314,535.480991235265,33597.2236069529,21028.8588976123,50610.6229844087,18.044336486548,2.00054956377002,62.4358104342772,0.733163650198955,0.610159863278863,0.858753676932715
"402",2020-06-05,"Nouvelle-Aquitaine",0.559928793284026,0.158305530431977,1.30610479058886,408.787514764612,308.768065980746,536.787096025854,33614.6727206541,21030.7327280737,50671.6434718154,17.4491137012491,1.87383046138626,61.0204874067164,0.733161271084697,0.610159604997842,0.858745272236302
"403",2020-06-06,"Nouvelle-Aquitaine",0.537003173429841,0.14690373476948,1.26708018027516,409.324517938042,308.914969715515,538.054176206129,33631.5481968666,21032.4862501506,50731.2232281255,16.8754762125253,1.75352207685466,59.5797563101304,0.733158968410577,0.610159362994047,0.858737044070014
"404",2020-06-07,"Nouvelle-Aquitaine",0.515381046845495,0.136875669241771,1.23935040419425,409.839898984887,309.051845384757,539.293526610323,33647.8707812279,21034.1302161662,50789.3962086236,16.322584361229,1.64396601564098,58.1729804980557,0.733156739462893,0.610159136241669,0.858728988735628
"405",2020-06-08,"Nouvelle-Aquitaine",0.494934837480829,0.126962805313548,1.21291875420438,410.334833822368,309.17880819007,540.506445364528,33663.6604143607,21035.6736652425,50846.1955714267,15.7896331328562,1.54344907623239,56.7993628031407,0.733154581631487,0.610158923779548,0.858721102612002
"406",2020-06-09,"Nouvelle-Aquitaine",0.475572390599536,0.11802962975263,1.18138812863919,410.810406212967,309.296837819823,541.687833493167,33678.936265013,21037.1227436653,50901.9542597618,15.2758506522415,1.44907842289515,55.7586883350694,0.733152492405561,0.610158724707095,0.85871338215348
"407",2020-06-10,"Nouvelle-Aquitaine",0.457216763466464,0.109878618047921,1.15678855706949,411.267622976434,309.406716437871,542.844622050236,33693.7167617599,21038.482020008,50956.8313009706,14.7804967469008,1.35927634270502,54.8770412087514,0.733150469369642,0.610158538180478,0.858705823888336
"408",2020-06-11,"Nouvelle-Aquitaine",0.439785610445785,0.102364582635919,1.13472894184862,411.70740858688,309.509081020507,543.979350992085,33708.0196233355,21039.7564593936,51010.5781592811,14.3028615756699,1.2744393855056,53.7468583105415,0.733148510199751,0.610158363409042,0.858698424417247
"409",2020-06-12,"Nouvelle-Aquitaine",0.423207106546428,0.0958434852674775,1.11341757539614,412.130615693426,309.604924505774,545.092768567481,33721.861887655,21040.9513568778,51063.3917321662,13.8422643194949,1.19489748426385,52.8135728850589,0.733146612659718,0.610158199651961,0.858691180411799
"410",2020-06-13,"Nouvelle-Aquitaine",0.40742841572977,0.0891058409558205,1.09283136224781,412.538044109156,309.69403034673,546.185599929729,33735.2599395864,21042.0716770234,51115.2153660563,13.3980519314141,1.12032014556735,51.8236338901442,0.733144774597652,0.610158046215096,0.858684088613022
"411",2020-06-14,"Nouvelle-Aquitaine",0.392385605353086,0.0830165543178092,1.07112496471116,412.930429714509,309.777046901048,547.25672489444,33748.2295375294,21043.1220745275,51165.937581455,12.9695979429288,1.05039750408885,50.7222153987305,0.733142993942569,0.610157902448053,0.858677145829951
"412",2020-06-15,"Nouvelle-Aquitaine",0.378025719328736,0.077479061191139,1.04413509426885,413.308455433838,309.854525962239,548.300859988709,33760.7858388535,21044.1069237773,51215.5776183797,12.556301324109,0.98484924985424,49.6400369246917,0.733141268701155,0.610157767741427,0.858670348938226
"413",2020-06-16,"Nouvelle-Aquitaine",0.364309081602044,0.0723474168184981,1.01793955233041,413.67276451544,309.926873379058,549.318799541039,33772.9434242484,21045.0293728596,51264.1965852885,12.1575853949108,0.922449082272693,48.618966908742,0.733139596954674,0.610157641524218,0.858663694878707
"414",2020-06-17,"Nouvelle-Aquitaine",0.351202978667252,0.0675840507817047,0.992483076297362,414.023967494107,309.994457429839,550.311282617337,33784.7163210337,21045.8906047152,51311.9921466914,11.7728967853067,0.861231855570769,47.7955614029042,0.733137976855988,0.610157523261411,0.858657180656132
"415",2020-06-18,"Nouvelle-Aquitaine",0.338666316543647,0.0631613349536728,0.967726381745007,414.362633810651,310.057618764793,551.279008999082,33796.1180254756,21046.6946822141,51358.9718730106,11.4017044419487,0.804077498891171,46.9797263192277,0.73313640662673,0.610157412451708,0.858650803337786
"416",2020-06-19,"Nouvelle-Aquitaine",0.326664574180828,0.059049055905616,0.944750518714179,414.689298384831,310.116667820699,552.223759517796,33807.1615241548,21047.4453985655,51404.9834825122,11.0434986791917,0.750716351417181,46.0116095015853,0.73313488455457,0.610157308625403,0.858644560052214
"417",2020-06-20,"Nouvelle-Aquitaine",0.31516925321293,0.0552517715826237,0.925031479546359,415.004467638044,310.171919592281,553.148790997342,33817.8593144273,21048.1462952167,51450.0446008261,10.6977902724136,0.700896651185615,45.0611183138634,0.73313340899061,0.610157211342393,0.858638447987946
"418",2020-06-21,"Nouvelle-Aquitaine",0.304140001282659,0.0516731309446837,0.905785993857657,415.308607639327,310.223592723226,554.0545769912,33828.2234240189,21048.8006785637,51494.1680615994,10.364109591665,0.654383346994392,44.1234607733463,0.733131978346884,0.610157120190309,0.858632464392256
"419",2020-06-22,"Nouvelle-Aquitaine",0.293567929759171,0.048468420910701,0.887036599286309,415.602175569086,310.272061144137,554.941613590486,33838.2654297927,21049.4126835871,51537.2752212347,10.042005773777,0.61200502348019,43.1071596353112,0.733130591093951,0.610157034782771,0.858626606569946
"420",2020-06-23,"Nouvelle-Aquitaine",0.283416501114172,0.0454085587360434,0.868725413915742,415.8855920702,310.317469702873,555.810339004402,33847.9964757238,21049.9839110056,51579.3175913989,9.7310459311484,0.571227418498787,42.0423701642037,0.733129245758614,0.610156954757749,0.858620871882147
"421",2020-06-24,"Nouvelle-Aquitaine",0.273668699797466,0.0425485413210792,0.848483582623151,416.159260769998,310.360018244194,556.658822587025,33857.4272901194,21050.5163431558,51620.3214564019,9.43081439551415,0.532432150148059,41.0038650029444,0.733127940921706,0.610156879776028,0.858615257745159
"422",2020-06-25,"Nouvelle-Aquitaine",0.264301162295759,0.0398730788923725,0.83316865343298,416.423561932294,310.399891323086,557.491991240458,33866.5682021144,21051.0133763001,51660.4292125968,9.14091199508308,0.4970331442718,40.1077561949037,0.733126675215987,0.610156809519773,0.858609761629298
"423",2020-06-26,"Nouvelle-Aquitaine",0.255300157137109,0.037372272820716,0.816547621997901,416.678862089431,310.437263595907,558.308538862456,33875.429157478,21051.4784094221,51699.7338341389,8.86095536350763,0.465033122060284,39.3046215420754,0.733125447324105,0.610156743691176,0.85860438105778
"424",2020-06-27,"Nouvelle-Aquitaine",0.246646665343133,0.0350343391568559,0.798177131896813,416.925508754774,310.472297935064,559.106715994353,33884.0197337572,21051.9150593416,51738.2513722228,8.59057627922276,0.436649919513019,38.5175380839888,0.73312425597668,0.6101566820112,0.85859911360562
"425",2020-06-28,"Nouvelle-Aquitaine",0.238325499055478,0.0328497668053804,0.783656966269414,417.163834253829,310.505147701869,559.890372960622,33892.3491547909,21052.3250585448,51775.9975584935,8.32942103376035,0.409999203196993,37.7461862707028,0.733123099950421,0.610156624218393,0.858593956898558
"426",2020-06-29,"Nouvelle-Aquitaine",0.230321902846966,0.0308044822678122,0.767837982816185,417.394156156676,310.535952184137,560.658210943438,33900.4263046187,21052.708405072,51813.04368608,8.0771498277132,0.383346527143292,37.0461275864137,0.733121978066353,0.610156570067777,0.858588908612003
"427",2020-06-30,"Nouvelle-Aquitaine",0.222619580245355,0.0288886898728257,0.752344736989684,417.616775736922,310.56484087401,561.410555680428,33908.2597408117,21053.0666675803,51849.432154707,7.8334361930841,0.358262508318319,36.3884686270845,0.733120889188101,0.610156519329819,0.85858396647
"428",2020-05-10,"Occitanie",3.85185735588056,2.542180901507,5.61927508780974,480.959414742448,379.612707156523,606.893291103086,43481.184072869,28417.8098805685,64343.3682150445,111.314123221537,32.7241363702779,253.037672181224,0.797659050504352,0.67971351934579,0.908839635260677
"429",2020-05-11,"Occitanie",3.66614803104078,2.35405627242771,5.45264702950872,484.625562773489,381.966763428951,612.345938132595,43589.316545561,28448.8914869685,64592.1024436311,108.13247269208,31.0816063999763,248.734228586572,0.797643370262559,0.679708745586903,0.908809013596269
"430",2020-05-12,"Occitanie",3.49127378613267,2.19860609816511,5.29351732963647,488.116836559622,384.165369527116,617.639455462231,43694.4796955317,28478.4526148287,64836.7017100281,105.163149970621,29.5611278601419,244.599266397016,0.79762812850767,0.679704227931379,0.908778874798731
"431",2020-05-13,"Occitanie",3.32684220594532,2.0369477412059,5.13230778276046,491.443678765567,386.202317268322,622.771763244992,43796.8245901533,28506.5877921428,65077.1987846917,102.344894621685,28.1351773141161,240.497074663577,0.797613295861922,0.679699946807294,0.908749173901404
"432",2020-05-14,"Occitanie",3.17230052878093,1.89260986092073,4.97682869658958,494.615979294348,388.094927129243,627.748591941581,43896.464140028,28533.3753370092,65313.4086914918,99.6395498746136,26.7875448664197,236.209906800098,0.797598851539445,0.679695886003645,0.908719753698624
"433",2020-05-15,"Occitanie",3.02714291574629,1.76815271381382,4.83382043193804,497.643122210094,389.863079843057,632.58241237352,43993.4900977008,28558.8256035343,65545.5511477733,97.0259576728035,25.4502665251075,232.142456281465,0.797584780107602,0.679692032047813,0.908690659749344
"434",2020-05-16,"Occitanie",2.89094730654383,1.64252020794248,4.68946934856303,500.534069516638,391.505600050999,637.271881722083,44087.9830751112,28582.9373859365,65773.6846541649,94.4929774104789,24.1117824022405,228.133506391622,0.797571069094509,0.679688373335681,0.908661956281528
"435",2020-05-17,"Occitanie",2.7631651123889,1.52867979135987,4.5471128259022,503.297234629027,393.034279842359,641.818994547985,44180.0177423577,28605.7675564383,65997.8721554619,92.0346672464748,22.8301705017544,224.187501297032,0.797557707577916,0.679684899494992,0.908633637086365
"436",2020-05-18,"Occitanie",2.64335588390813,1.42438247592497,4.42153984736337,505.940590512935,394.458662318284,646.240534395348,44269.6652597969,28627.5074806224,66218.2841342642,89.6475174392061,21.739924184058,220.411978802294,0.797544685453035,0.679681600994608,0.908605696970842
"437",2020-05-19,"Occitanie",2.53108546197831,1.33072528814179,4.31484738093288,508.471675974913,395.789387606426,650.555381776281,44356.9943039561,28648.2178799116,66435.4281487562,87.3290441591789,20.7103992892907,217.144014491975,0.79753199309059,0.679678468925195,0.908578131087798
"438",2020-05-20,"Occitanie",2.42587006657885,1.24114471586523,4.21802303971587,510.897546041492,397.030532322291,654.773404815997,44442.0714534995,28667.947366322,66649.8279254055,85.077149543367,19.7294864103095,214.399776649249,0.797519621193064,0.679675494881451,0.90855093468287
"439",2020-05-21,"Occitanie",2.32718997150731,1.1621884635522,4.12341577479383,513.224736012999,398.192720785843,658.896820590791,44524.9613193538,28686.7423219685,66861.5902314755,82.8898658543497,18.7949556465574,211.762306070093,0.797507560741215,0.679672670898568,0.908524103021991
"440",2020-05-22,"Occitanie",2.23460825984655,1.08516474076704,4.03509135963917,515.459344272846,399.27788552661,662.93191195043,44605.7265913734,28704.6470768457,67070.7464166581,80.7652720195376,17.9047548771689,209.15618518259,0.797495802976521,0.679669989415363,0.908497631385473
"441",2020-05-23,"Occitanie",2.14777179276286,1.01665254856351,3.95003795251825,517.607116065609,400.294538075174,666.881949902948,44684.4280690835,28721.7038123859,67277.3275838734,78.7014777101432,17.0567355401858,206.581167215259,0.797484339395367,0.679667443249549,0.908471515080132
"442",2020-05-24,"Occitanie",2.06624700500833,0.951820917306807,3.86928038160792,519.673363070617,401.246358992481,670.751230284556,44761.1246975587,28737.9526825805,67480.9057575494,76.696628475216,16.2488701946582,203.578173676011,0.797473161745398,0.679665025578182,0.90844574945197
"443",2020-05-25,"Occitanie",1.98964127677421,0.892464323862453,3.78823523509342,521.663004347392,402.138823316343,674.53946551965,44835.8736115672,28753.4010782971,67682.2928146018,74.74891400852,15.4483957165558,201.38705705237,0.797462262021131,0.679662729920257,0.908420329894941
"444",2020-05-26,"Occitanie",1.91766115747719,0.837702592608843,3.70550555441128,523.580665504869,402.976525908952,678.244971074061,44908.730185708,28768.0726913895,67881.3168184838,72.8565741407365,14.671613092445,199.024003882065,0.797451632458362,0.679660550120284,0.908395251855887
"445",2020-05-27,"Occitanie",1.84982985029964,0.786948531371544,3.63367172690916,525.430495355168,403.763474440323,681.87864280097,44979.7480876052,28782.0065774073,68077.6311691169,71.017901897242,13.9338860177599,196.314350633063,0.79744126552766,0.679658480332488,0.908370510836843
"446",2020-05-28,"Occitanie",1.78589437481799,0.739813692494272,3.5648737400337,527.216389729986,404.503288132818,685.443516541004,45048.979331952,28795.239829089,68271.3729593485,69.2312443467565,13.2332516817661,193.741790231597,0.797431153927486,0.679656515005589,0.908346102395803
"447",2020-05-29,"Occitanie",1.72553701784868,0.694554272440062,3.4988271353241,528.941926747835,405.197842405258,688.942343676328,45116.4743340488,28807.8076745977,68462.2480552899,67.4950020968009,12.5678455086266,190.875095941425,0.797421290577105,0.679654648868168,0.90832202214668
"448",2020-05-30,"Occitanie",1.66840823546041,0.652418911707546,3.43514635597139,530.610334983295,405.850261316965,692.377490032299,45182.2819621187,28819.7435710709,68650.2980814146,65.8076280699709,11.9358964732613,188.050026124654,0.797411668609561,0.679652876914678,0.908298265758897
"449",2020-05-31,"Occitanie",1.61423333956312,0.613733943110286,3.37384459419463,532.224568322859,406.463995260076,695.751334626494,45246.4495880697,28831.0792935823,68835.5640812971,64.1676259509953,11.3357225113193,185.26599988256,0.797402281364812,0.679651194392092,0.90827482895681
"450",2020-06-01,"Occitanie",1.56284052377025,0.577689991398412,3.31168283089738,533.787408846629,407.041685251474,699.063017457391,45309.0231365872,28841.834806124,69018.086524881,62.5735485174957,10.7555125417185,182.522443583907,0.797393122383058,0.679649596787188,0.90825170751909
"451",2020-06-02,"Occitanie",1.51395796558162,0.544079112660458,3.24828673460428,535.30136681221,407.585764364134,702.311304191995,45370.0471325468,28852.0582297672,69197.9053158415,61.0239959595807,10.2234236432218,179.818790960479,0.797384185398291,0.67964807981447,0.90822889727808
"452",2020-06-03,"Occitanie",1.46742596340157,0.51279419874564,3.18580798318959,536.768792775612,408.09855856288,705.497112175185,45429.5647467817,28861.7675054358,69375.0597989036,59.5176142348593,9.70927566861899,177.154483062087,0.797375464332035,0.679646639404682,0.908206394119161
"453",2020-06-04,"Occitanie",1.42307162148253,0.484987113909992,3.12703498767055,538.191864397094,408.58354567679,708.624147162856,45487.6178402582,28870.9895298418,69549.5887670738,58.0530934765384,9.22202440602767,174.528968170172,0.797366953287346,0.679645271693899,0.908184193980135
"454",2020-06-05,"Occitanie",1.38074211475711,0.45615540676838,3.07040110517053,539.572606511852,409.039701083559,711.694548268026,45544.2470067175,28879.7603981054,69721.5605212296,56.6291664592724,8.77086826358619,171.971754155854,0.797358646542973,0.679643973013175,0.908162292850599
"455",2020-06-06,"Occitanie",1.34026937156722,0.430482724181039,3.02361978146889,540.912875883419,409.47018380774,714.718168049495,45599.4916138398,28888.1021807671,69891.0428758844,55.2446071222702,8.34178266165184,169.482354654792,0.797350538547735,0.6796427398787,0.90814068677134
"456",2020-06-07,"Occitanie",1.30154297952099,0.406442640788056,2.97809239840888,542.21441886294,409.876626448528,717.696260447904,45653.3898429872,28896.0365185785,70057.9932959682,53.8982291474641,7.93433781145907,166.950420083757,0.797342623915098,0.679641568982464,0.908119371833733
"457",2020-06-08,"Occitanie",1.26440899160452,0.383720388572971,2.93373852662286,543.478827854544,410.260346837101,720.629998974527,45705.9787275775,28903.5830855854,70222.4490346705,52.5888845902301,7.54656700682987,164.45573870229,0.797334897417933,0.679640457183388,0.90809834417914
"458",2020-06-09,"Occitanie",1.22875732038301,0.36213075460559,2.89104537734313,544.707585174927,410.622477591706,723.52104435187,45757.2941901377,28910.7601716292,70384.4587553317,51.3154625602861,7.17708604378753,162.009720661205,0.797327353983433,0.6796394014989,0.908077599998323
"459",2020-06-10,"Occitanie",1.19450120993893,0.341865279558575,2.85123724878579,545.902086384866,410.964342871265,726.372281600656,45807.3710780883,28917.5776636339,70544.0755626928,50.0768879506081,6.81749200475197,159.616807361124,0.797319988688228,0.67963839909694,0.908057135530859
"460",2020-06-11,"Occitanie",1.16154644078592,0.323255891476537,2.81241256343548,547.063632825652,411.287598762741,729.184694164091,45856.2431983008,28924.0498357536,70701.3371575178,48.8721202124067,6.47217211968096,157.261594825012,0.797312796753649,0.679637447288364,0.908036947064557
"461",2020-06-12,"Occitanie",1.12979632069464,0.305982322966615,2.77103274235354,548.193429146347,411.593581085708,731.955726906445,45903.9433504751,28930.1942316059,70856.7232459614,47.7001521743479,6.14439585230434,155.386088443558,0.79730577354116,0.679636543519736,0.908017030934887
"462",2020-06-13,"Occitanie",1.09919598385805,0.290034718238769,2.7265189982753,549.292625130205,411.883615803947,734.68224590472,45950.5033593794,28936.0274510256,71010.2509443876,46.5600089043185,5.83321941970705,153.527698426284,0.797298914547928,0.679635685366478,0.907997383524412
"463",2020-06-14,"Occitanie",1.06966332585404,0.274669035354195,2.68699780444177,550.362288456059,412.158284839301,737.369243709162,45995.9541059916,28941.5736846098,71161.9419768193,45.4507466121211,5.54623358419183,151.691032431704,0.797292215402568,0.679634870526372,0.907978001262222
"464",2020-06-15,"Occitanie",1.04113482241531,0.25999424077162,2.64618483892347,551.403423278474,412.418279080072,740.015428548085,46040.3255575831,28946.8491179187,71311.8178043202,44.3714515915544,5.27543330894233,149.875827500902,0.797285671861006,0.679634096813383,0.907958880623381
"465",2020-06-16,"Occitanie",1.01355721021593,0.246698116816161,2.60610997315257,552.41698048869,412.664977196889,742.621538521238,46083.6467967835,28951.8719182403,71459.897622554,43.3212392003974,5.02280032151522,148.079818233707,0.797279279802487,0.679633362151796,0.907940018128373
"466",2020-06-17,"Occitanie",0.986898391753408,0.233801145612954,2.56678249030389,553.403878880444,412.898778342502,745.188321011542,46125.9460496604,28956.6581791127,71606.2024983125,42.2992528768808,4.78626087242574,146.304875758599,0.797273035225727,0.679632664570652,0.907921410342555
"467",2020-06-18,"Occitanie",0.961100414475698,0.22158918431509,2.5281287148748,554.364979294919,413.120367526817,747.716449726416,46167.2507128517,28961.21903995,71750.5690169401,41.3046631912735,4.56086083726966,144.366518627513,0.79726693424518,0.679632002198462,0.90790305387562
"468",2020-06-19,"Occitanie",0.936124954652909,0.210142043955282,2.49015504304343,555.301104249572,413.330509570772,750.20660476946,46207.5873797829,28965.5651155891,71892.7863775712,40.3366669312766,4.34607563915521,142.2173606311,0.797260973087431,0.679631373258185,0.907884945381056
"469",2020-06-20,"Occitanie",0.91193549364027,0.199312340827774,2.45281523023139,556.213039743213,413.5298219116,752.659419999691,46246.9818660029,28969.7000703443,72032.8849723429,39.3944862199587,4.13495475515,140.098594771748,0.797255148087722,0.679630776062465,0.907867081555622
"470",2020-06-21,"Occitanie",0.88848014525874,0.189066885129613,2.41607471103877,557.101519888471,413.718888796729,755.07549471073,46285.4592336679,28973.6328836094,72170.8959409224,38.4773676650216,3.9328132651084,138.010968579519,0.797249455686568,0.679630209009104,0.90784945913882
"471",2020-06-22,"Occitanie",0.865753311207783,0.179365617747894,2.37995276140482,557.967273199679,413.898254414477,757.455447472135,46323.0438152061,28977.3734370357,72306.8499780164,37.5845815382291,3.7405534263107,135.954037093933,0.797243892426509,0.679629670576764,0.907832074912379
"472",2020-06-23,"Occitanie",0.843705974211249,0.170447200566963,2.3444027770707,558.81097917389,414.068701615044,759.799850249206,46359.75923619,28980.9311292348,72440.7773393489,36.7154209838773,3.55769219907523,133.927361332516,0.797238454948959,0.679629159320887,0.907814925699737
"473",2020-06-24,"Occitanie",0.822316690522225,0.162017927394591,2.30941486538652,559.633295864413,414.230719542439,762.109265114592,46395.6284374452,28984.3148993884,72572.9725932885,35.8692012552293,3.38377015369676,132.195253939664,0.79723313999115,0.679628673869823,0.907798008365538
"474",2020-06-25,"Occitanie",0.801554400998035,0.15417155824899,2.27488374506029,560.434850265411,414.384891100688,764.384148859652,46430.6736964231,28987.5332497051,72703.324868756,35.0452589778772,3.2183503166501,130.352275467414,0.797227944383199,0.679628212921147,0.907781319815124
"475",2020-05-10,"Pays de la Loire",2.91090851925156,1.91798216155784,4.25027170887803,415.230132917847,325.271018256916,525.981636636157,36764.8146730038,23714.3683248839,54657.9131572513,63.9542283425318,19.0634875690194,153.503038696341,0.757707783661484,0.647587936355553,0.88018025149389
"476",2020-05-11,"Pays de la Loire",2.74282150933833,1.77304652151398,4.08874579718584,417.972954427185,327.04406477843,530.070382433343,36826.3821298627,23732.236101159,54807.0559015572,61.5674568588808,17.8677762751492,149.142744305925,0.757694366865853,0.64758480484744,0.880138579059709
"477",2020-05-12,"Pays de la Loire",2.58544510442597,1.63482315416465,3.93140770281316,420.558399531611,328.678887932594,534.001790136157,36885.7814473646,23749.0120317642,54952.3890981847,59.399317501877,16.7759306052229,145.3331966275,0.757681440455391,0.647581865899762,0.880097866330142
"478",2020-05-13,"Pays de la Loire",2.43833828160823,1.50599307363183,3.78174340192351,422.996737813219,330.184881006226,537.78353353808,36943.1740541497,23764.8443023585,55094.3206755228,57.392606785105,15.8322705942558,141.931577338096,0.757668959195489,0.647579101601277,0.880058000248481
"479",2020-05-14,"Pays de la Loire",2.30087451378352,1.38673035521336,3.61662081804067,425.297612327003,331.57161136144,541.400154356121,36998.6763312533,23779.7803345721,55232.0811005068,55.5022771035883,14.9360322136124,137.760424983984,0.757656889836839,0.647576497474307,0.880018902148604
"480",2020-05-15,"Pays de la Loire",2.17250971355902,1.27705302414103,3.46840490905848,427.470122040562,332.848664385581,544.868559265179,37052.3766938085,23793.917176843,55367.2129936899,53.7003625552553,14.1368422708908,135.131893183051,0.757645208565443,0.647574041894671,0.87998052385369
"481",2020-05-16,"Pays de la Loire",2.05276190647072,1.17512117309238,3.33812706816453,429.522883947033,334.023785558673,548.206686333344,37104.3477910524,23807.3027743116,55499.7236680237,51.9710972438955,13.3855974685537,132.510674333852,0.757633897409817,0.647571725184966,0.879942836188564
"482",2020-05-17,"Pays de la Loire",1.94110923111377,1.08517265036435,3.22303025667671,431.463993178146,335.108958209037,551.42971659002,37154.6536718111,23819.9947357104,55629.7335393958,50.3058807587365,12.6919613988213,130.009871372114,0.757622941676238,0.647569538930936,0.87990582013694
"483",2020-05-18,"Pays de la Loire",1.83707886327595,1.00566810130971,3.10645082864039,433.301072041422,336.114626310347,554.536167418661,37203.3535269392,23832.0774035028,55757.2908179324,48.699855128055,12.0826677924229,127.557278536526,0.757612328444409,0.647567475553812,0.879869461545114
"484",2020-05-19,"Pays de la Loire",1.74023554226579,0.928232336581742,3.00470372797005,435.041307583688,337.042858646929,557.540871146631,37250.5034692389,23843.5809606872,55882.4406404393,47.1499422997048,11.5035571843783,125.149822506968,0.757602045783456,0.647565528066795,0.879833748368481
"485",2020-05-20,"Pays de la Loire",1.65008315720256,0.857442038963019,2.90805445123199,436.691390740891,337.900300685892,560.448925597863,37296.157310971,23854.469354343,56005.2254279557,45.6538417320802,10.8883936558579,122.784787516321,0.75759208238048,0.647563689943214,0.879798669399921
"486",2020-05-21,"Pays de la Loire",1.56613352032012,0.792714849435615,2.81076903836463,438.257524261211,338.693015535327,563.259694636228,37340.3668801443,23864.7614780791,56125.4729715896,44.2095691732666,10.2921237360113,120.247543633892,0.757582427379401,0.647561955045691,0.879764213755307
"487",2020-05-22,"Pays de la Loire",1.48794171716435,0.732724377316465,2.7298181433122,439.745465978375,339.425739912644,565.98951277954,37383.1821485147,23874.468524917,56243.2320911838,42.8152683704632,9.7070468379879,117.759119594236,0.757573070316357,0.647560317586032,0.879730370703176
"488",2020-05-23,"Pays de la Loire",1.41514805586969,0.675942871163285,2.6411725260219,441.160614034245,340.101682783807,568.630685305562,37424.6512951699,23883.6413485882,56357.9495996146,41.4691466551892,9.17282367113258,114.717508430799,0.757564001094359,0.647558772099535,0.879697129630804
"489",2020-05-24,"Pays de la Loire",1.34734258053229,0.626127555210039,2.5670335834268,442.507956614777,340.727810339017,571.197718888988,37464.8207552076,23892.3402478754,56470.33418389,40.169460037747,8.69889928721568,112.384584275426,0.757555209971236,0.647557313425645,0.879664480053598
"490",2020-05-25,"Pays de la Loire",1.28414471803333,0.58043604593062,2.49717207063948,443.792101332811,341.308246384948,573.694890959628,37503.7352696208,23900.5416774041,56580.9925866929,38.914514413154,8.20142952874942,110.658402802913,0.757546687550567,0.647555936691327,0.879632411631552
"491",2020-05-26,"Pays de la Loire",1.22527953494958,0.538642367220981,2.41984316614875,445.01738086776,341.846888752169,576.114734125777,37541.4379393369,23908.3041514717,56689.9457147535,37.7026697160606,7.76247406755641,108.953128060622,0.757538424772253,0.647554637295679,0.879600914181667
"492",2020-05-27,"Pays de la Loire",1.17031166526114,0.500566257290116,2.3429045578737,446.187692533021,342.347455009459,578.45763868365,37577.9702821954,23915.6420779747,56797.0609806696,36.5323428585837,7.33792650302754,107.115265916074,0.757530412902162,0.647553410895275,0.879569977684799
"493",2020-05-28,"Pays de la Loire",1.11897852310672,0.465032630440462,2.27364885499988,447.306671056128,342.812487639899,580.73128753865,37613.3722909793,23922.5750323388,56902.4010275729,35.4020087838564,6.93295436410249,105.34004690327,0.75752264352109,0.647552253390139,0.879539592288259
"494",2020-05-29,"Pays de la Loire",1.07095185789987,0.433634193285559,2.21030219084885,448.377622914028,343.246121833185,582.941589729499,37647.6824910266,23929.1229861569,57005.6728244474,34.3102000472524,6.54795381805104,103.271796874519,0.757515108513458,0.647551160910319,0.879509748305776
"495",2020-05-30,"Pays de la Loire",1.02593097620848,0.405418563651757,2.15001057963923,449.403553890236,343.651540396837,585.091600309138,37680.9379965146,23935.2954956615,57106.9213309657,33.2555054880572,6.17250950465748,101.248506518315,0.757507800056048,0.647550129803113,0.879480436216028
"496",2020-05-31,"Pays de la Loire",0.983631019944564,0.378509070779745,2.10065234659967,450.387184910181,344.030049467616,587.192252655738,37713.1745649412,23941.1373926963,57206.3810798437,32.2365684266124,5.84189703478633,99.4597488779965,0.757500710606995,0.647549156620935,0.879451646660482
"497",2020-06-01,"Pays de la Loire",0.943874562846637,0.353246408662265,2.0547734208582,451.331059473028,344.383295876279,589.247026076596,37744.4266496027,23946.661548595,57303.635676754,31.2520846614393,5.52415589872401,97.2545969102964,0.757493832895088,0.647548238109831,0.879423370440942
"498",2020-06-02,"Pays de la Loire",0.906417265343514,0.329947720731001,2.01181051852661,452.237476738371,344.71324359701,591.258836595123,37774.7274500218,23951.8813624078,57399.2381046251,30.3008004191468,5.2198138127928,95.602427871043,0.757487159909503,0.64754737119862,0.879395598516996
"499",2020-06-03,"Pays de la Loire",0.871094541240022,0.308462935562541,1.96157995300527,453.108571279611,345.021706532572,593.220416548128,37804.1089603554,23956.8123409882,57493.1417387225,29.3815103336295,4.93097858032595,93.9036340973992,0.757480684889874,0.647546552988632,0.879368322003463
"500",2020-06-04,"Pays de la Loire",0.837752557653112,0.288650633561221,1.91472616100016,453.946323837264,345.310357166134,595.135142709128,37832.602015844,23961.4714889682,57585.2688452503,28.493055488558,4.65914798006612,92.1271065278722,0.7574744013168,0.647545780744021,0.879341532167859
"501",2020-06-05,"Pays de la Loire",0.806250003599392,0.27036854688922,1.87032032843045,454.752573840864,345.580725713023,597.005463037559,37860.2363373796,23965.8729194773,57675.7764409946,27.6343215355923,4.40143050907187,90.5075957442443,0.757468302902708,0.647545051882624,0.879315220427901
"502",2020-06-06,"Pays de la Loire",0.776417466678862,0.25349527317838,1.82767757720434,455.528991307543,345.834220986201,598.833140614763,37887.0405742704,23970.030891201,57764.9352265193,26.804236890779,4.15797172373,89.1587855246941,0.757462383583087,0.647544363967323,0.879289378349053
"503",2020-06-07,"Pays de la Loire",0.748144623921414,0.237885005993013,1.78822162973645,456.277135931464,346.072105992194,600.6213622445,37913.0423452778,23973.9592303405,57852.7650371029,26.0017710074674,3.9283391394475,87.8298105835858,0.757456637508062,0.647543714697903,0.879263997642107
"504",2020-06-08,"Pays de la Loire",0.721293259879757,0.22340691399801,1.75136734447627,456.998429191344,346.295512906192,602.372729588976,37938.2682780005,23977.6709224084,57939.2826454181,25.2259327226585,3.71169206789763,86.5176083152352,0.757451059034331,0.647543101903362,0.879239070160805
"505",2020-06-09,"Pays de la Loire",0.695751006778051,0.209970150224259,1.71177989283368,457.694180198122,346.505483056416,604.08450948181,37962.7440466739,23981.1779881077,58024.139585656,24.4757686734056,3.50706569934431,84.8569402379274,0.75744564271738,0.647542523534649,0.879214587899485
"506",2020-06-10,"Pays de la Loire",0.671428311934545,0.197464257790699,1.67166186093009,458.365608510056,346.702947314207,605.75617134274,37986.4944084539,23984.4917085267,58107.3164345584,23.7503617799892,3.31372041899612,83.176848902359,0.757440383304036,0.647541977657821,0.87919054299078
"507",2020-06-11,"Pays de la Loire",0.648234703588718,0.185554484062194,1.6359703362232,459.013843213645,346.888501798269,607.392141678963,38009.5432382467,23987.6227428406,58188.8352021018,23.0488297927916,3.13103431388213,81.5187675434501,0.757435275725316,0.64754146244757,0.879166927703331
"508",2020-06-12,"Pays de la Loire",0.626083006014483,0.174957761243194,1.60123080915166,459.63992621966,347.063459559513,608.993372488114,38031.9135621467,23990.5811625945,58268.7241832029,22.3703239000077,2.95841975393621,79.8889811010684,0.757430315089539,0.647540976181128,0.879145699373771
"509",2020-06-13,"Pays de la Loire",0.60491543415862,0.164877620511667,1.56745002105702,460.244841653818,347.228337180024,610.560822509171,38053.6275895402,23993.3766136282,58347.0157750578,21.7140273934982,2.79545103369298,78.2915918549077,0.757425496675716,0.647540517232502,0.879126926576289
"510",2020-06-14,"Pays de la Loire",0.584654041318202,0.155409246450503,1.53316932465213,460.829495695136,347.383746426475,612.093991833824,38074.7067439304,23996.0166284385,58423.7481802202,21.0791543902469,2.64001481031466,76.7324051624537,0.757420815927213,0.647540084067039,0.879108489314976
"511",2020-06-15,"Pays de la Loire",0.56523861608112,0.14654141136758,1.49913326003675,461.394734311217,347.530287837842,613.59312509386,38095.1716925374,23998.5081238733,58499.0477696567,20.4649486070072,2.4914954348012,75.2995894364803,0.757416268445638,0.647539675236298,0.879090381640649
"512",2020-06-16,"Pays de la Loire",0.5466193845332,0.138229456297744,1.471658846325,461.941353695751,347.66851729414,615.064783940185,38115.0423747233,24000.8663773255,58572.8142220766,19.8706821858389,2.3582534522034,73.766452419884,0.757411849985,0.647539289373206,0.8790725977079
"513",2020-06-17,"Pays de la Loire",0.528762180024805,0.13039365544142,1.44175515522436,462.470115875775,347.798910949581,616.50653909541,38134.3380292916,24003.0944458581,58645.4417300898,19.2956545683435,2.22806853256366,72.6275080132075,0.75740755644605,0.647538925187485,0.879055131773343
"514",2020-06-18,"Pays de la Loire",0.51161466332485,0.123142445926579,1.41240205957234,462.9817305391,347.922053395508,617.918941154982,38153.0772207081,24005.1977340762,58716.7761975542,18.7391914165013,2.10328821806323,71.3344674643481,0.757403383870908,0.647538581461341,0.879037978193891
"515",2020-06-19,"Pays de la Loire",0.495137465653392,0.116279174275238,1.38376998279948,463.476868004754,348.038332569783,619.302711137781,38171.2778642862,24007.1839103838,58786.8355204687,18.2006435781094,1.98617630766636,70.059322914576,0.757399328437818,0.647538257045392,0.879021131425067
"516",2020-06-20,"Pays de la Loire",0.479296231957984,0.10972891400413,1.35580950017772,463.956164236712,348.148061483787,620.658520637959,38188.9572503811,24009.0632339364,58855.5813541637,17.6793860949064,1.87932355258134,68.745833694919,0.757395386456181,0.647537950854824,0.879004586019329
"517",2020-06-21,"Pays de la Loire",0.464045494901225,0.103543335607181,1.32955203632934,464.420209731613,348.251604819395,621.988072674288,38206.1320676327,24010.8388259352,58922.7601091711,17.1748172515555,1.77559199873148,67.1787550074197,0.757391554361732,0.647537661865764,0.878988336624431
"518",2020-06-22,"Pays de la Loire",0.449371297772751,0.0977040587913208,1.30454122132341,464.869581029386,348.349308878186,623.292613895612,38222.8184252964,24012.5164119341,58988.4074066308,16.6863576637375,1.67758599895169,65.6472974596885,0.757387828711939,0.647537389111858,0.878972377981807
"519",2020-06-23,"Pays de la Loire",0.43523304994613,0.0921794397610889,1.28519563618302,465.304814079332,348.441488317947,624.577809531795,38239.0318747001,24014.1014276163,59052.5580636754,16.2134494036827,1.58501568219846,64.1506570446283,0.757384206181537,0.64753713168104,0.878956704924982
"520",2020-06-24,"Pays de la Loire",0.421611559603368,0.0868072301487535,1.26107253619393,465.726425638935,348.528295548096,625.838882067989,38254.7874298617,24015.5990414131,59115.3328928017,15.7555551615441,1.49761379676163,62.7748291263082,0.757380683558278,0.647536888712479,0.878941312378001
"521",2020-06-25,"Pays de la Loire",0.408477066798613,0.0819566783502476,1.2344788977734,466.134902705734,348.610252226446,627.073360965762,38270.0995873027,24017.0140729019,59176.9142097694,15.3121574410861,1.41503148887761,61.5813169676501,0.757377257738822,0.647536659393706,0.878926195353897
"522",2020-06-26,"Pays de la Loire",0.395812485295946,0.0774052181212883,1.20994682710779,466.53071519103,348.687657444567,628.28330779287,38284.982345091,24018.351075898,59237.3245838641,14.8827577882265,1.33700299610749,60.4103740947347,0.75737392572478,0.647536442957892,0.878911348953166
"523",2020-06-27,"Pays de la Loire",0.383596240651418,0.0731200985732272,1.18740912948373,466.914311431681,348.76077754314,629.470716922354,38299.449221142,24019.6147850681,59296.5861622529,14.4668760510385,1.26370917007808,59.261578388837,0.757370684618927,0.647536238681288,0.878896768362283
"524",2020-06-28,"Pays de la Loire",0.371808874315768,0.0690828374808859,1.16510716345188,467.286120305997,348.829860380621,630.635824085806,38313.5132708119,24020.8103287726,59354.7206777019,14.0640496698768,1.1955437045142,58.1345154489526,0.75736753162155,0.647536045880804,0.87888244885223
"525",2020-06-29,"Pays de la Loire",0.360434082854489,0.0652427745496051,1.14373248972775,467.646554388851,348.895103155171,631.779556575534,38327.1871038082,24021.9404426829,59411.7494561593,13.6738329963522,1.13011391029398,57.0287784574494,0.757364464026927,0.647535863911725,0.878868385777054
"526",2020-06-30,"Pays de la Loire",0.349452808851396,0.0616678327410298,1.12281735846433,467.996007197703,348.956770987912,632.902373933998,38340.4829004482,24023.0076502103,59467.6934242071,13.295796639935,1.06720752739784,55.9439680477965,0.757361479219963,0.647535692165554,0.878854574572446
"527",2020-05-10,"Provence-Alpes-Côte d'Azur",7.65090962878343,5.31133037938445,10.6566918371689,779.60000604815,633.773022449163,950.940231008046,72849.9880106512,49624.1807688223,104042.353866589,264.250301404954,102.157603930744,534.059797120742,0.870568759579436,0.75042015906048,1.00400464560125
"528",2020-05-11,"Provence-Alpes-Côte d'Azur",7.30945188943041,4.97893545112413,10.2934035306299,786.90945793758,638.751957900287,961.233634538676,73109.1342006364,49722.3525900234,104571.011186612,259.146189985145,98.1718212010415,528.657320023436,0.870521355036862,0.750407443341522,1.003872212004
"529",2020-05-12,"Provence-Alpes-Côte d'Azur",6.98769670906827,4.66858643585384,10.0215094418723,793.897154646649,643.420544336141,971.255143980548,73363.7229044052,49816.9830834271,105098.263146198,254.588703768857,94.6304934037228,527.251959585699,0.870474836085901,0.750395243358038,1.00374034603669
"530",2020-05-13,"Provence-Alpes-Côte d'Azur",6.68529142422547,4.37990533726434,9.71392020559943,800.582446070874,647.800449673406,980.969064186148,73614.0872868731,49908.5391099083,105619.257029067,250.36438246787,91.556026481191,520.993882869528,0.870429104724316,0.750383523743355,1.00360874323244
"531",2020-05-14,"Provence-Alpes-Côte d'Azur",6.40135764809596,4.11116084421853,9.42809101613208,806.98380371897,651.911610517624,990.39715520228,73860.4279123053,49996.6891236458,106135.85742273,246.340625432177,88.1500137375755,516.600393662634,0.870384101634373,0.750372258592876,1.00347722490731
"532",2020-05-15,"Provence-Alpes-Côte d'Azur",6.1350359217659,3.86158593066928,9.14921792586927,813.118839640736,655.773196448293,999.546373128149,74102.8751289863,50081.5700215205,106647.697313517,242.447216681082,84.8808978746536,511.839890787073,0.870339791536536,0.750361427244454,1.00337566475623
"533",2020-05-16,"Provence-Alpes-Côte d'Azur",5.88580613316741,3.62974054997811,8.88738213690516,819.004645773904,659.402936998272,1008.43375526505,74341.5259574529,50163.3058040961,107155.17064852,238.650828466566,81.7357825755868,507.473335003228,0.870296151862122,0.750351011859463,1.00327791753046
"534",2020-05-17,"Provence-Alpes-Côte d'Azur",5.65274388378106,3.41448707199661,8.67688037801987,824.657389657685,662.817424070268,1017.11063564307,74576.4629850242,50242.0130245296,107656.826406552,234.937027571309,78.7072204335251,501.6557580317,0.870253166054452,0.75034099615295,1.00318012811236
"535",2020-05-18,"Provence-Alpes-Côte d'Azur",5.43509786689716,3.21739870094495,8.44995193364214,830.092487524582,666.034822771213,1025.56058757672,74807.7629373746,50317.8080898697,108159.656446391,231.29995235034,75.7950653401011,502.830039839217,0.870210820139841,0.750331364782658,1.00308229678675
"536",2020-05-19,"Provence-Alpes-Côte d'Azur",5.23223756006945,3.03617202941737,8.25974432674653,835.324725084651,669.07099480063,1033.82033190346,75035.5000641049,50391.2795229202,108661.741867532,227.737126730357,73.4714330504996,502.085421140233,0.870169101174147,0.750322103078742,1.00298442558573
"537",2020-05-20,"Provence-Alpes-Côte d'Azur",5.04329898040053,2.85877471824978,8.08634118078927,840.368024065052,671.92976951888,1041.90667308425,75259.7472156336,50462.1219826468,109161.325961782,224.247151528654,70.8424597265728,499.584094250284,0.870127996630819,0.750313196933313,1.00288651675626
"538",2020-05-21,"Provence-Alpes-Côte d'Azur",4.86722176909367,2.7023342587835,7.9267177679367,845.235245834146,674.632103777664,1049.83339085219,75480.5760329095,50530.1577815501,109658.891335829,220.828817275948,68.0357989032683,497.565374046768,0.870087494207598,0.750304632757145,1.00278857232184
"539",2020-05-22,"Provence-Alpes-Côte d'Azur",4.7032781878918,2.56078289262312,7.7528549444487,849.938524022037,677.192886670287,1057.58624579664,75698.0568726467,50595.4824076908,110156.332411466,217.4808397372,65.3246261407539,497.44107563765,0.870047581793646,0.750296397460508,1.0026905940469
"540",2020-05-23,"Provence-Alpes-Côte d'Azur",4.55076247766639,2.423009546883,7.58711632061695,854.489286499704,679.61589621717,1065.17336211725,75912.258702259,50658.4269618704,110654.541892828,214.201829612283,62.9445541795537,498.209481362064,0.87000824748432,0.750288478440304,1.00259258350976
"541",2020-05-24,"Provence-Alpes-Côte d'Azur",4.40877541809148,2.30255363287715,7.44482294304663,858.898061917795,681.918449850047,1072.6181850603,76123.2490311621,50719.2696572285,111154.150696048,210.990328903064,60.8426953581241,499.608803219908,0.869969479601182,0.750280863567348,1.00249454217879
"542",2020-05-25,"Provence-Alpes-Côte d'Azur",4.27658204412458,2.18131857384895,7.32728546335498,863.17464396192,684.099768423896,1079.94547052366,76331.0938834872,50778.0830453112,111653.226710639,207.844852325152,58.8133880826798,499.076014590509,0.869931266705271,0.750273541172347,1.00239647146553
"543",2020-05-26,"Provence-Alpes-Côte d'Azur",4.15361115669373,2.08333920207161,7.22262564348708,867.328255118613,686.183107625968,1087.16809616714,76535.8578005603,50834.9266127774,112150.005472981,204.763917073081,56.8435674662824,496.778762342644,0.869893597602792,0.750266500030787,1.00229837275555
"544",2020-05-27,"Provence-Alpes-Côte d'Azur",4.03877596667798,1.99328565625093,7.11746508762558,871.367031085292,688.176393282218,1094.28556125477,76737.6038609532,50889.8245571693,112646.404323973,201.746060392921,54.8979443918052,496.398850991551,0.869856461345398,0.750259729347274,1.00220024742439
"545",2020-05-28,"Provence-Alpes-Côte d'Azur",3.93161845399091,1.90285842634838,6.99647017984637,875.298649539282,690.079251708567,1101.28203143461,76936.3937094989,50942.6675843695,113138.933824469,198.789848545677,52.8430272002093,492.529500496395,0.869819847227235,0.750253218739793,1.00210209684484
"546",2020-05-29,"Provence-Alpes-Côte d'Azur",3.83144461860707,1.81858720378379,6.9229544054349,879.13009415789,691.897838912351,1108.20498584005,77132.2875901629,50993.7422882506,113627.618227315,195.893880663973,51.0747038811549,488.68440284588,0.869783744780357,0.750246958224208,1.00200392238996
"547",2020-05-30,"Provence-Alpes-Côte d'Azur",3.73746373583125,1.73981446524926,6.82511809402832,882.867557893721,693.6376533776,1115.03010393408,77325.34438008,51042.7936291999,114112.481744002,193.056789917143,49.0513409492596,484.863516686781,0.869748143769439,0.750240938199175,1.00190572543406
"548",2020-05-31,"Provence-Alpes-Côte d'Azur",3.64906460625226,1.66075663103902,6.79258511074888,886.516622499973,695.298410008639,1121.82268904483,77515.6216234785,51089.9017159993,114597.727714375,190.277243398449,47.1080867994626,485.245970372859,0.869713034186226,0.750235149431539,1.00183322386096
"549",2020-06-01,"Provence-Alpes-Côte d'Azur",3.56586159311806,1.58980297339114,6.7367369946464,890.082484093091,696.88821298203,1128.55942603947,77703.1755649519,51135.1434894705,115083.441722404,187.553941473382,45.2417734711999,485.714008029464,0.869678406244031,0.750229583042263,1.00176735595652
"550",2020-06-02,"Provence-Alpes-Côte d'Azur",3.48723609988788,1.5231663735897,6.66511241882918,893.569720192979,698.41137935562,1135.2245384583,77888.0611818906,51178.5928475021,115569.617403373,184.885616938758,43.4493580315868,486.175680969172,0.869644250372296,0.75022423049287,1.0017014738058
"551",2020-06-03,"Provence-Alpes-Côte d'Azur",3.4128734909868,1.45867985386742,6.62715568424747,896.982593683966,699.870059209487,1141.85169414255,78070.3322160319,51220.3212394293,116056.248366788,182.271034141317,41.7283919272145,486.630963414665,0.869610557211297,0.75021908357241,1.00163557803969
"552",2020-06-04,"Provence-Alpes-Côte d'Azur",3.34237871129949,1.40891121189549,6.56520095115317,900.324972395265,701.278970421383,1148.4168950937,78250.0412041425,51260.3988021344,116543.868171185,179.708988110533,40.0775627050614,487.61980439644,0.869577317607004,0.750214134384917,1.00156966928963
"553",2020-06-05,"Provence-Alpes-Côte d'Azur",3.27542545887798,1.35762544145043,6.53611280824102,903.600397854143,702.636595862833,1154.95300790194,78427.2395078633,51298.9983174704,117031.250620429,177.198303720867,38.5995153360115,487.382449244592,0.869544522606065,0.750209375337346,1.00150374818759
"554",2020-06-06,"Provence-Alpes-Côte d'Azur",3.21164667091625,1.30513477938911,6.49555432688415,906.81204452506,703.941730642222,1161.44856222883,78601.9773427479,51336.120939779,117519.113841674,174.737834884533,37.1226223085864,487.863221244767,0.869512163450933,0.750204799127973,1.00143781536604
"555",2020-06-07,"Provence-Alpes-Côte d'Azur",3.15083118718102,1.24985912085453,6.44921121810945,909.962875712241,705.191589763077,1167.89777344694,78774.3038065198,51371.9432416738,118009.252684759,172.32646377197,35.8223018948332,490.138843084994,0.869480231575119,0.750200398735236,1.00137187145789
"556",2020-06-08,"Provence-Alpes-Côte d'Azur",3.09261741271312,1.19691598175582,6.41905776690407,913.055493124954,706.388505744833,1174.31683121384,78944.2669065769,51406.4540306231,118501.531518066,169.963100057024,34.510788949319,492.278833307374,0.869448718598563,0.750196167407005,1.00130591709653
"557",2020-06-09,"Provence-Alpes-Côte d'Azur",3.03677078424028,1.14661423604727,6.39164611120619,916.092263909194,707.53511998088,1180.70847732505,79111.9135867615,51439.70129854,118992.315131803,167.646680184603,33.2472679168635,490.783613736686,0.869417616323156,0.750192098650256,1.00123995291571
"558",2020-06-10,"Provence-Alpes-Côte d'Azur",2.98314175250332,1.09889426543264,6.37031051461087,919.075405661697,708.634014246313,1187.07878783966,79277.2897534207,51471.7312829653,119484.458452364,165.376166659255,32.0299844253322,492.143320561363,0.869386916728336,0.750188186221148,1.00117397954961
"559",2020-06-11,"Provence-Alpes-Côte d'Azur",2.93152851767657,1.0574958353721,6.38371702792303,922.006934179374,709.691510081685,1193.46250486758,79440.4403007744,51502.5885310712,119975.306481558,163.150547353622,30.8572481059081,490.84802919332,0.869356611966839,0.75018442411547,1.00110799763275
"560",2020-06-12,"Provence-Alpes-Côte d'Azur",2.8817111728572,1.01818080926913,6.37966690501167,924.888645352231,710.709690890954,1199.84217177259,79601.4091356104,51532.3159613386,120465.72231707,160.968834836001,29.7274302673813,490.415835511873,0.869326694360533,0.750180806559461,1.00104200780001
"561",2020-06-13,"Provence-Alpes-Côte d'Azur",2.83361075070542,0.977526939365622,6.32490004261831,927.722256102937,711.68721783032,1206.16707181521,79760.2392013268,51560.9549229929,120956.21450397,158.830065716393,28.638961654298,490.492186900337,0.869297156396377,0.750177328000975,1.00097601068654
"562",2020-06-14,"Provence-Alpes-Côte d'Azur",2.78704475848432,0.938441604121332,6.27904585240192,930.509300861421,712.625659434441,1212.44611766761,79916.9725013372,51588.5223524877,121445.244255005,156.733300010481,27.5674294948014,489.029751034982,0.869267990722471,0.750173983100986,1.00091000692782
"563",2020-06-15,"Provence-Alpes-Côte d'Azur",2.74189483385508,0.896904410386989,6.25035537568989,933.251195695276,713.522563844828,1218.6964730433,80071.6501218583,51614.9137179081,121932.755162241,154.677620521047,26.3913654204135,487.510907235996,0.869239190144232,0.750170766725418,1.00084399715958
"564",2020-06-16,"Provence-Alpes-Côte d'Azur",2.69806677917872,0.861445214267416,6.24087142017754,935.949262474455,714.384009059095,1224.93734446348,80224.3122540946,51640.2243530855,122418.738823622,152.662132236312,25.3106351773059,485.983661381577,0.869210747620639,0.750167673937288,1.00077798201777
"565",2020-06-17,"Provence-Alpes-Côte d'Azur",2.65551045591616,0.828572048358494,6.23003926662474,938.604772930371,715.212581107454,1231.16738373011,80374.9982158393,51664.5916966323,122903.193381983,150.685961744729,24.3673435468016,484.454558360827,0.869182656260602,0.750164699989147,1.00071196213857
"566",2020-06-18,"Provence-Alpes-Côte d'Azur",2.61411531805182,0.797489270284478,6.21921904078541,941.218888248423,716.010070377738,1237.38660277089,80523.7464725051,51688.0524626453,123386.8986984,148.74825666577,23.4607660130119,483.705316416268,0.869154909319413,0.750161840315814,1.00064593815833
"567",2020-06-19,"Provence-Alpes-Côte d'Azur",2.57383441333294,0.767695474031047,6.22541023802122,943.792722661756,716.777765851769,1243.61201300891,80670.5946576013,51710.6431559334,123870.121360457,146.848185096235,22.5906932881203,483.222662057093,0.869127500195289,0.750159090527384,1.00057991071357
"568",2020-06-20,"Provence-Alpes-Côte d'Azur",2.53459934279346,0.737594538650216,6.24118679928693,946.327322004549,717.51536039042,1249.8531998082,80815.579592673,51732.3960352072,124353.822282831,144.984935071654,21.7528792738001,483.70092237487,0.869100422426003,0.750156446402504,1.00046622649389
"569",2020-06-21,"Provence-Alpes-Côte d'Azur",2.49631007839137,0.707839134357504,6.25711509336011,948.82363208294,718.223199524777,1256.11031490156,80958.7373067153,51753.3421638766,124837.648616984,143.157714042342,20.9461286693691,483.826334152857,0.869073669685618,0.750153903881914,1.00034059831029
"570",2020-06-22,"Provence-Alpes-Côte d'Azur",2.4589876307059,0.678399979126718,6.2244015445508,951.282619713646,718.901599503904,1262.33471644611,81100.103055079,51773.5114542864,125321.438355561,141.365748363686,20.1692904098016,483.789738576412,0.869047235781279,0.75015145906222,1.00021497346883
"571",2020-06-23,"Provence-Alpes-Côte d'Azur",2.4225433537492,0.650209367547284,6.18275647640156,953.705163067396,719.551808871451,1268.51747292251,81239.7113378793,51792.9267236058,125806.288674894,139.608282800267,19.4152693194566,484.850319333011,0.869021114650112,0.750149108189922,1.00008935423887
"572",2020-06-24,"Provence-Alpes-Côte d'Azur",2.38694521678377,0.623218105511613,6.15357271624596,956.092108284179,720.175026976963,1274.67104563876,81377.5959179227,51811.6172506978,126290.831757883,137.884580043406,18.6905270920155,484.543082988856,0.868995300356197,0.750146847655659,0.999963742889402
"573",2020-06-25,"Provence-Alpes-Côte d'Azur",2.35214698771378,0.597388608160745,6.14290262875919,958.444255271893,720.772415585123,1280.81394826752,81513.7898381645,51829.6225905152,126774.474173785,136.193920241762,18.0053398173408,483.642415902093,0.868969787087601,0.750144673988682,0.999838141688857
"574",2020-06-26,"Provence-Alpes-Côte d'Azur",2.31813800244672,0.572669361366584,6.13229480164941,960.76239327434,721.34508494649,1286.94624306917,81648.3254387091,51846.9479449245,127257.973172229,134.535600544602,17.3253544093496,483.49899844392,0.868944569153523,0.750142583851532,0.999712552904953
"575",2020-06-27,"Provence-Alpes-Côte d'Azur",2.28487778628764,0.551095414836803,6.1107230820012,963.047271060628,721.896180361327,1293.05696615117,81781.2343733664,51863.5608944988,127740.849578848,132.908934657379,16.6129495743046,482.876406619561,0.868919640981474,0.750140574034924,0.999586978804527
"576",2020-05-10,"Île-de-France",34.7668631743628,25.7180992810792,46.4747702090618,6568.739835416,5560.13432884089,7733.21459995014,555496.929989625,399154.640214385,759501.407643178,395.576805962057,145.417644831691,826.342197308651,0.644647273578511,0.544424010793996,0.754175645556957
"577",2020-05-11,"Île-de-France",32.1644530452875,23.4497835139809,43.6723984497194,6600.90428846129,5583.58411235487,7776.88699839986,555869.701550079,399288.142994061,760289.009362609,372.771560454168,133.502779676456,787.60171943021,0.644624789807581,0.544415868913184,0.754139771828692
"578",2020-05-12,"Île-de-France",29.7583487569764,21.303975022095,40.9408467596043,6630.66263721826,5604.88808737696,7817.82784515947,556221.660738916,399410.999024842,761040.245223045,351.95918883742,122.856030780638,751.235860435973,0.644603585919126,0.544408372016409,0.754105521019831
"579",2020-05-13,"Île-de-France",27.5356774624464,19.3885818764382,38.3306659361601,6658.19831468071,5624.2766692534,7856.15851109563,556554.414093046,399524.746468877,761756.576347686,332.753354129481,113.747444034988,716.331124640844,0.644583549773128,0.544401458884604,0.754072705426117
"580",2020-05-14,"Île-de-France",25.4839724322421,17.6846730422862,35.9625767259399,6683.68228711295,5641.96134229569,7892.12108782157,556869.267389548,399630.213698993,762443.443751078,314.853296501816,105.467230115657,686.867403392208,0.644564591369958,0.544395077323888,0.754041195771435
"581",2020-05-15,"Île-de-France",23.5908850070867,16.0839501763575,33.7259087974037,6707.27317212004,5658.04529247205,7925.84699661897,557167.325451528,399728.139481173,763101.858008366,298.058061979781,97.925782180563,658.414257288344,0.644546637883561,0.544389182578368,0.75401090404069
"582",2020-05-16,"Île-de-France",21.8463761894776,14.6168229119687,31.6966711865112,6729.11954830952,5672.66211538402,7957.54366780548,557449.562557559,399819.34214461,763729.409476883,282.237106030951,91.2026634367781,627.551468516446,0.644529627895458,0.544383735475246,0.7539817664469
"583",2020-05-17,"Île-de-France",20.239152130473,13.2905690895161,29.8183237992279,6749.35870043999,5685.95268447353,7987.36199160471,557716.864937517,399903.991026416,764332.05330669,267.302379958509,84.6488818057498,602.643829807713,0.644513507338656,0.544378701039753,0.753953732242488
"584",2020-05-18,"Île-de-France",18.7605429808138,12.0717160472739,27.9904907112795,6768.1192434208,5698.0244005208,8015.35248231599,557970.054429126,399982.369771443,764910.695377386,253.18949160907,78.3787450276523,578.642070695733,0.644498227058225,0.544374047579432,0.753926757440031
"585",2020-05-19,"Île-de-France",17.4007965270484,10.9949340462562,26.4133083195129,6785.52003994785,5709.01933456706,8041.7657906355,558209.901163599,400054.944699095,765467.309308905,239.846734473016,72.5749276513363,556.613931519086,0.644483741460359,0.544369746101265,0.753900801646815
"586",2020-05-20,"Île-de-France",16.1502264879337,9.99921327935628,24.8851479116294,6801.67026643578,5719.01854784642,8066.65093854713,558437.130454282,400122.293439804,766000.705328811,227.229290682674,67.34874070893,533.396019905454,0.6444700077937,0.544365769935228,0.753875826614478
"587",2020-05-21,"Île-de-France",14.999880565497,9.08921462264673,23.4816374532936,6816.67014700128,5728.10776246906,8090.13257600043,558652.42685409,400184.609564888,766511.790049663,215.296399808493,62.3161250845771,511.084720852514,0.644456985763693,0.544362094476798,0.753851795637779
"588",2020-05-22,"Île-de-France",13.9416967616581,8.26631810382334,22.1681353825345,6830.61184376294,5736.37408057289,8112.30071138296,558856.436922662,400242.177055994,767001.51175533,204.010068571726,57.5674911057888,489.721705667149,0.644444637308881,0.544358696995475,0.753828673331784
"589",2020-05-23,"Île-de-France",12.9681573879014,7.53881179769599,20.8755042821417,6843.58000115084,5743.91289237058,8133.1762156651,559049.771435756,400295.465717439,767473.153991839,193.334513094298,53.2886614450863,471.642236508317,0.644432926450407,0.544355556479888,0.753806425556829
"590",2020-05-24,"Île-de-France",12.0728352059089,6.84964807699159,19.7173855259457,6855.65283635675,5750.76254044758,8152.89360119105,559233.007352927,400344.793473524,767926.390833238,183.235917170965,49.3277560846777,453.23684139987,0.644421819172737,0.544352653504145,0.753784097304028
"591",2020-05-25,"Île-de-France",11.2490980523195,6.26401464191995,18.642043145549,6866.90193440907,5757.0265550895,8171.5356443366,559406.689663427,400390.460857005,768362.377027495,173.682310499542,45.6673834816062,435.986194256209,0.64441128331755,0.544349970107874,0.753750722872339
"592",2020-05-26,"Île-de-France",10.4917352217208,5.71691658617272,17.6966578211105,6877.39366963079,5762.74347167567,8189.23230215771,559571.333147113,400432.837199594,768783.499842285,164.643483686323,42.3763425888358,421.122814790443,0.644401288484087,0.544347489686338,0.753718611657107
"593",2020-05-27,"Île-de-France",9.79441015030595,5.22204707144633,16.7909835059062,6887.1880797811,5767.96551874711,8206.02328566361,559727.424056774,400472.267636242,769190.023297613,156.090909660396,39.4304366480583,406.523455328318,0.644391805933819,0.544345196888881,0.753687715996941
"594",2020-05-28,"Île-de-France",9.15199581071281,4.7736498581166,15.9116738868597,6896.34007559181,5772.73916860523,8221.93495955047,559875.421720136,400508.918580344,769578.20639183,147.997663361707,36.6509441019292,388.183094216975,0.644382808499223,0.54434307752482,0.753657990012636
"595",2020-05-29,"Île-de-France",8.55914926059424,4.36683589582818,15.1003134230223,6904.8992248524,5777.10600450106,8237.0352729735,560015.760059697,400542.883294525,769949.790122771,140.338339561535,33.9647141809335,371.58373094007,0.64437427049678,0.54434111847619,0.753629389544366
"596",2020-05-30,"Île-de-France",8.01086591364374,3.99764900826291,14.3699911128435,6912.91009076605,5781.10365350932,8251.40526408634,560148.849030409,400574.358650839,770306.399121514,133.088970711703,31.4753563137907,356.608998743291,0.644366167644324,0.544339307616896,0.753601872089462
"597",2020-05-31,"Île-de-France",7.50297379556733,3.66135419778979,13.666419560577,6920.41306456162,5784.76500770711,8265.07168364692,560275.075977045,400603.527094842,770649.242885344,126.226946636145,29.1684440035447,342.843763829783,0.64435847698278,0.544337633737861,0.753575396741556
"598",2020-06-01,"Île-de-France",7.03242296319577,3.35212783902267,12.9811442201923,6927.44548752481,5788.11713554613,8278.05282786711,560394.806914316,400630.557701885,770977.2198458,119.730937270923,27.0306070424434,327.976960456892,0.644351176802208,0.54433608647775,0.75354992413152
"599",2020-06-02,"Île-de-France",6.59594154825968,3.06814798612959,12.3787128887865,6934.04142907307,5791.18528353226,8290.4315407559,560508.387733405,400655.60715648,771290.999179765,113.580819089092,25.0494545946243,313.779333964674,0.644344246572001,0.544334656258898,0.753525416370361
"600",2020-06-03,"Île-de-France",6.19092166926724,2.81311920318135,11.8100529539084,6940.23235074234,5793.99840273544,8302.2415937098,560616.145338856,400678.820660147,771593.291218674,107.75760545071,23.213503667893,302.29203890918,0.644337666875047,0.544333334228059,0.753501836994129
"601",2020-06-04,"Île-de-France",5.81520332261823,2.58552434882361,11.1853442121329,6946.04755406496,5796.58392708427,8313.42693792194,560718.388719738,400700.255978519,771884.476086859,102.243380882164,21.4353183718766,291.184868184354,0.644331419345618,0.544332112201627,0.753479150910811
"602",2020-06-05,"Île-de-France",5.46621011833939,2.36622919151244,10.6468846906446,6951.5137641833,5798.95015627578,8324.07382261258,560815.409958902,400719.992672564,772164.929038063,97.0212391644041,19.7366940449214,280.452951204068,0.644325486610846,0.544330982614993,0.753457324349164
"603",2020-06-06,"Île-de-France",5.14177080153688,2.16842348698034,10.1679175188369,6956.65553498483,5801.11857976276,8334.24174013142,560907.485183955,400738.331848679,772434.692047362,92.0752250524519,18.3391761148185,269.763009299126,0.644319852235503,0.544329938475732,0.753436324809421
"604",2020-06-07,"Île-de-France",4.83989232667131,1.99444564191528,9.7223539005198,6961.4954273115,5803.11302540468,8343.96409403194,560994.875463383,400755.238769514,772694.990389335,87.3902794284444,16.9069208353936,260.298341973285,0.644314500669954,0.544328973320321,0.753416121015808
"605",2020-06-08,"Île-de-France",4.55849423622875,1.83574454436892,9.32379671126269,6966.05392154773,5804.94876994905,8353.2878907432,561077.827651072,400770.7899994,772945.341641647,82.952187688749,15.5512298851805,250.35125231196,0.644309417201049,0.544328081174146,0.75339668287081
"606",2020-06-09,"Île-de-France",4.29586683530911,1.69439799573442,8.90517535905053,6970.34978838304,5806.64316794478,8362.19306610225,561156.575182244,400785.136915267,773185.698279343,78.747531172435,14.3469158673914,240.356637695713,0.644304587905838,0.544327256514513,0.753377981411116
"607",2020-06-10,"Île-de-France",4.05056858315508,1.55518254709037,8.5015154061642,6974.4003569662,5808.19835049187,8370.69458150841,561231.338823693,400798.368266325,773416.824319641,74.7636414483093,13.2313510577203,231.126040297651,0.644299999607897,0.544326494236473,0.753359988765187
"608",2020-06-11,"Île-de-France",3.82110429830507,1.42685713531046,8.1371779837936,6978.2214612645,5809.62520762718,8378.83175949221,561302.327380981,400810.606701519,773638.484028934,70.9885572884926,12.2384351947325,221.659709293754,0.644295639836127,0.544325789621225,0.753342678112389
"609",2020-06-12,"Île-de-France",3.6062009529312,1.31885051877037,7.81990206490295,6981.82766221743,5810.94405814595,8386.65166155711,561369.738365148,400821.896046212,773851.140988192,67.4109841670701,11.2893446924406,212.656959257529,0.644291496785894,0.544325138306907,0.753326023643636
"610",2020-06-13,"Île-de-France",3.40488861943706,1.22167898205409,7.46588992230583,6985.23255083687,5812.165737128,8394.11755147942,561433.758621281,400832.337549423,774055.045611392,64.0202561323598,10.4415032111082,203.904623199907,0.644287559282373,0.544324536261596,0.753310000523487
"611",2020-06-14,"Île-de-France",3.21596536604236,1.13209585415213,7.1496096640606,6988.44851620291,5813.29783298216,8401.26716114348,561494.564921191,400842.045710443,774251.082334272,60.8062999106977,9.70816102012539,196.036722880283,0.644283816745948,0.544323979758357,0.753294584853641
"612",2020-06-15,"Île-de-France",3.03863569569003,1.04461715140375,6.84905790950084,6991.4871518986,5814.34245013356,8408.11621905298,561552.3245223,400851.07238066,774439.875249094,57.7596011083729,9.02667021726782,188.79291482145,0.644280259159576,0.544323465352171,0.753279753637788
"613",2020-06-16,"Île-de-France",2.87205268601078,0.965570040576555,6.56763796164566,6994.35920458461,5815.30802017414,8414.68385701462,561607.195694686,400859.42962579,774620.504908858,54.8711723864965,8.35724512952285,180.629659764864,0.644276877037967,0.544322989858609,0.75326548474776
"614",2020-06-17,"Île-de-France",2.71556776260879,0.89465211145703,6.29678181302536,6997.07477234722,5816.20267228559,8420.98063882765,561659.328218177,400867.166168649,774793.097545712,52.1325234912219,7.7365428589388,172.592636853872,0.644273661398535,0.544322550334127,0.75325175689094
"615",2020-06-18,"Île-de-France",2.56842900022701,0.827243828077184,6.0462579126169,6999.64320134745,5817.02991611367,8427.02689674026,561708.863851206,400874.328667659,774958.583532919,49.5356330288683,7.16249900985714,165.485987206392,0.644270603733938,0.544322144057838,0.753238549578878
"616",2020-06-19,"Île-de-France",2.43002850750183,0.765354201423564,5.79064720638862,7002.07322985495,5817.79527031509,8432.81754394665,561755.936773088,400880.95974395,775117.279296789,47.0729218822032,6.63107629173429,158.69576387005,0.644267695986187,0.544321768514674,0.753225843097075
"617",2020-06-20,"Île-de-France",2.29967839663308,0.708245640467043,5.5540199057324,7004.37290825158,5818.50351595556,8438.37156385238,561800.674001259,400887.098828067,775269.463269031,44.7372281704157,6.13908411703435,152.183972242344,0.644264930522192,0.544321421379819,0.753213618475892
"618",2020-06-21,"Île-de-France",2.17683480560196,0.651748396957622,5.31212260215878,7006.54974305718,5819.15526435252,8443.68368645454,561843.19578492,400892.781880134,775415.402480366,42.5217836612094,5.68305206685336,145.939211335285,0.644262300110681,0.544321100504315,0.75320185746254
"619",2020-06-22,"Île-de-France",2.06104342347984,0.601482695263924,5.0752447056133,7008.61078648066,5819.75674704778,8448.75893116016,561883.615976469,400898.042241518,775555.353026023,40.4201915489759,5.26036138323376,139.950545656292,0.644259797900393,0.544320803901759,0.753190542494111
"620",2020-06-23,"Île-de-France",1.95178709981101,0.557947777333385,4.88590680482985,7010.56257358047,5820.31469482512,8453.64483796499,561922.042381987,400902.913085594,775689.560512335,38.4264055182033,4.87084407659914,134.207486312676,0.644257417399511,0.544320529736012,0.753179656671622
"621",2020-06-24,"Île-de-France",1.8486784815522,0.517878912359547,4.69542517094829,7012.41125206203,5820.83257373748,8458.34026313593,561958.577092003,400907.422029423,775818.260485209,36.5347100161504,4.50894382874715,128.69997287413,0.644255152456221,0.544320276309825,0.753169183735017
"622",2020-06-25,"Île-de-France",1.75132681582212,0.480399101192055,4.49197128506536,7014.16257887785,5821.31297283867,8462.832234421,561993.316793666,400911.59596193,775941.503695245,34.7397016633887,4.17393250735847,123.243210035437,0.644252997240351,0.544320042054342,0.753159108039113
"623",2020-05-10,"France-hopitaux",99.009274785851,74.2569573006454,130.537614714377,17095.423380588,14615.312646071,19850.6671256201,1472703.74613824,1093010.12442389,1955049.2470966,1459.73905022366,578.82838529456,2909.07958525486,0.70059209502141,0.615551222621691,0.785090701321386
"624",2020-05-11,"France-hopitaux",92.102032667579,67.9265360815951,123.124898407714,17187.5254132556,14683.2391821526,19973.7920240278,1474092.89044738,1093551.06750112,1957849.74430015,1389.144309147,540.943077225193,2800.49720355141,0.700575944632856,0.615545282869967,0.785055948037424
"625",2020-05-12,"France-hopitaux",85.6947382140883,62.3771437236609,116.353272042784,17273.2201514697,14745.6163258763,20090.1452960706,1475417.46334559,1094058.19040509,1960547.80712139,1324.5728982059,507.122903976201,2698.06282123875,0.700560568181066,0.615539731654115,0.785022493057231
"626",2020-05-13,"France-hopitaux",79.7609556580884,57.1818503478631,109.455778786758,17352.9811071278,14802.7981762241,20199.6010748574,1476682.07621126,1094534.91430971,1963149.93459131,1264.61286567448,476.72390461675,2602.12746992242,0.700545899654165,0.61553453536062,0.784990220407315
"627",2020-05-14,"France-hopitaux",74.2665100614872,52.4128578918126,103.369288847818,17427.2476171893,14855.2110341159,20302.9703637052,1477890.32386171,1094983.48379996,1965660.92857877,1208.24765044755,448.569490256015,2510.99398745423,0.700531888611977,0.615529666432587,0.78495904571237
"628",2020-05-15,"France-hopitaux",69.1828069448057,48.038021389009,97.6892718389714,17496.4304241341,14903.2490555049,20400.6596355442,1479045.1687273,1095405.77625762,1968084.60366426,1154.84486559047,422.292457653747,2423.67508549086,0.70051849582587,0.615525101674869,0.784928908858602
"629",2020-05-16,"France-hopitaux",64.4840720967246,43.8277424293469,92.3799739793356,17560.9144962308,14947.0767979343,20493.0396095235,1480149.19577117,1095803.44501954,1970424.23558443,1104.0270438695,397.668761925453,2339.63192017226,0.700505689029229,0.61552082085008,0.784899764527835
"630",2020-05-17,"France-hopitaux",60.1431908052256,39.8885876447594,87.5105384801096,17621.057687036,14986.965385579,20580.5501480036,1481204.75860051,1096176.52515824,1972682.80687932,1055.56282934165,373.080138692249,2258.57129488548,0.700493440097039,0.615516805762974,0.784871575573295
"631",2020-05-18,"France-hopitaux",56.1368244564783,36.4249307056289,82.9126497324953,17677.1945114925,15023.3903162847,20663.4627977361,1482214.05591748,1096526.24623495,1974862.97572944,1009.29731696238,349.721076713423,2180.16885012216,0.700481723430373,0.615513039718839,0.784844309178822
"632",2020-05-19,"France-hopitaux",52.4421807419137,33.4138255555716,78.5448405814627,17729.6366922344,15056.8041418402,20742.0076383176,1483179.16907443,1096854.08935434,1976970.6023984,965.113156957077,327.843119393761,2107.62666895814,0.700470515112389,0.615509919402948,0.784817934878441
"633",2020-05-20,"France-hopitaux",49.0347479621553,30.5464306036334,74.4571969410065,17778.6714401966,15087.3505724439,20816.4648352586,1484102.07998742,1097161.73164403,1979009.03120318,922.910912982499,307.642289687129,2038.42880478039,0.700459792494932,0.615507110017302,0.784792423631206
"634",2020-05-21,"France-hopitaux",45.8911609641075,27.9915452278901,70.6582496887466,17824.5626011607,15115.3421176718,20887.1230849473,1484984.68001484,1097451.04708029,1980975.19103037,882.600027425995,289.315436255557,1966.15982719,0.700449534002432,0.615504474836585,0.784767747429927
"635",2020-05-22,"France-hopitaux",42.9905108412787,25.7550849960979,67.2153240945218,17867.553112002,15141.0972026679,20954.3384090418,1485828.77509076,1097722.67192516,1982878.32664294,844.095075915353,271.624844870228,1903.13561257081,0.700439719035582,0.615502003077765,0.784743879152738
"636",2020-05-23,"France-hopitaux",40.3140623383997,23.706273944332,64.024355522628,17907.8671743404,15164.8034766122,21018.3627645645,1486636.08950184,1097976.3777519,1984716.59505245,807.314411086662,253.70582674621,1838.26840951388,0.700430327916297,0.615499684620958,0.784720792511956
"637",2020-05-24,"France-hopitaux",37.8439480690203,21.8452475397845,61.0471698542299,17945.7111224094,15186.648724152,21079.4099344187,1487408.26926317,1098215.10951325,1986491.98077151,772.179761322549,238.731761344627,1775.38571905909,0.700421341847519,0.615497509967956,0.784698462034827
"638",2020-05-25,"France-hopitaux",35.5632787792228,20.14455258104,58.2673859596188,17981.2744011886,15206.793276733,21137.6773203783,1488146.88540547,1098440.25930891,1988207.92661391,738.616142304996,225.149795665374,1715.94584239546,0.700412742877304,0.61549547020519,0.784676863050413
"639",2020-05-26,"France-hopitaux",33.4587189192008,18.560862282724,55.6407354191243,18014.7331201078,15225.3541390157,21193.3180557974,1488853.4372337,1098652.37419001,1989866.28834283,706.551828224241,212.114881098971,1658.36172892351,0.700404513863814,0.615493556969077,0.784655971674497
"640",2020-05-27,"France-hopitaux",31.5125953072948,17.1631530133729,53.095471174494,18046.2457154151,15242.5172920291,21246.4135269719,1489529.35553608,1098851.49629191,1991465.88304378,675.918302386907,199.122101898173,1599.59470095535,0.700396638440526,0.6154917624131,0.784635764791263
"641",2020-05-28,"France-hopitaux",29.7125771872803,15.8818118486416,50.7182499249222,18075.9582926024,15258.3991038778,21297.1317768969,1490176.00571054,1099038.42140792,1993011.57658767,646.65017446256,186.925116012371,1545.6935438883,0.700389100981895,0.615490079176514,0.78461622003259
"642",2020-05-29,"France-hopitaux",28.0443573771028,14.6406623962087,48.4892288352959,18104.0026499795,15273.039766274,21345.6210057322,1490794.69078312,1099213.89660864,1994505.14481514,618.68507257954,175.475200717501,1493.5682274713,0.70038188656988,0.615488500354652,0.78459731575609
"643",2020-05-30,"France-hopitaux",26.4946316860685,13.5468967602351,46.3978813082656,18130.4972816656,15286.5866630342,21392.0188870404,1491386.65430458,1099378.62656177,1995948.32453923,591.963521459838,164.72995312939,1443.17972408441,0.700374980961592,0.615487019470888,0.784579031022744
"644",2020-05-31,"France-hopitaux",25.0517081107286,12.5673061167776,44.3384574829917,18155.5489897763,15299.153969151,21436.3573445234,1491953.08311986,1099533.27040916,1997341.56651723,566.428815276073,154.643847391878,1393.24197800155,0.700368370558214,0.615485630450207,0.784561345574685
"645",2020-06-01,"France-hopitaux",23.7079100618409,11.6760540739262,42.5154805349066,18179.2568998382,15310.8300232249,21478.8728250583,1492495.11001057,1099678.44567566,1998689.08490637,542.026890711537,145.175266503057,1347.5183891381,0.700362042375298,0.61548432759436,0.784544239813408
"646",2020-06-02,"France-hopitaux",22.4537626914383,10.8285294390482,40.8492970670113,18201.7106625296,15321.658552664,21519.7221221253,1493013.81621381,1099814.73208158,1999992.90992365,518.706203239062,136.286405916724,1303.8250172847,0.700355984014367,0.615483105558514,0.784527694778553
"647",2020-06-03,"France-hopitaux",21.2827685250891,10.0516187610441,39.2092257086996,18222.9934310547,15331.710171425,21558.931347834,1493510.23382187,1099942.67385643,2001255.67083354,496.417608063942,127.941774847915,1262.76090988759,0.700350183635882,0.615481959329354,0.784511692127324
"648",2020-06-04,"France-hopitaux",20.1888674058061,9.33323897290346,37.6600157677972,18243.1822984605,15341.0434103979,21596.5913636018,1493985.34806816,1100062.62258151,2002476.20931,475.114246286019,119.948725081393,1220.53847645455,0.700344629933439,0.615480884204521,0.784496214114532
"649",2020-06-05,"France-hopitaux",19.1659017407983,8.68445490978172,36.2099702347233,18262.3482002013,15349.7278653077,21632.8013338365,1494440.09950454,1100175.02540414,2003655.93484369,454.751436377245,112.402822631114,1179.72553369202,0.700339312109204,0.615479875773328,0.784481243573285
"650",2020-06-06,"France-hopitaux",18.2076838594814,8.0918270287054,34.8628387626522,18280.5558840608,15357.8196923364,21667.6641725992,1494875.38607539,1100280.35702225,2004796.21002996,435.286570856412,105.331618106127,1140.27518627175,0.700334219850477,0.61547892989867,0.784466763896279
"651",2020-06-07,"France-hopitaux",17.3094076572525,7.52902637200267,33.6034892685183,18297.865291718,15365.3487187084,21701.2676618677,1495292.06509335,1100379.06227297,2005898.30240365,416.679017955162,98.7052507180558,1102.09237369496,0.700329343307389,0.615478042700061,0.784452759017699
"652",2020-06-08,"France-hopitaux",16.4653643314843,7.01816883376952,32.4034363860942,18314.3306560495,15372.3668875422,21733.6710982538,1495690.95512139,1100471.55801084,2006965.43182196,398.89002804213,92.4957378706527,1067.12941830261,0.700324673071629,0.615477210537711,0.784439213395686
"653",2020-06-09,"France-hopitaux",15.6711535679829,6.54655447339058,31.2584032008755,18330.0018096175,15378.9134420156,21764.9295014547,1496072.83776596,1100558.23486788,2007998.28162139,381.882644571081,86.6768570456427,1032.84979942964,0.700320200156167,0.615476429997603,0.784426111995375
"654",2020-06-10,"France-hopitaux",14.9231666513707,6.11089402829726,30.1647764225761,18344.9249762689,15385.0243360439,21795.0942778773,1496438.45938529,1100639.458903,2008994.98161321,365.621619327772,81.2240351154497,996.699991825073,0.700315915975944,0.61547569787749,0.784413440272462
"655",2020-06-11,"France-hopitaux",14.2175327134444,5.70732858129019,29.1186460783845,18359.1425089823,15390.7316646251,21824.2129239556,1496788.53271705,1100715.57314761,2009956.72807531,350.073331761927,76.1142446154274,961.74646210359,0.700311812329454,0.615475011173754,0.78440118415731
"656",2020-06-12,"France-hopitaux",13.5508422971868,5.33083030304996,28.115931495945,18372.6933512795,15396.0624949282,21852.3288554516,1497123.73842925,1100786.89905415,2010885.95147307,335.20571220237,71.3259065377158,929.223397753798,0.700307881381187,0.615474367069095,0.784389330039554
"657",2020-06-13,"France-hopitaux",12.9207143331072,4.96423517321185,27.155050405171,18385.6140656126,15401.0267301014,21879.4839058568,1497444.72659802,1100853.73785339,2011783.83787037,320.988168764322,66.8387992365967,897.886397296528,0.700304115644901,0.615473762920969,0.784377864753202
"658",2020-06-14,"France-hopitaux",12.3241129624057,4.62951187614188,26.2326281826807,18397.938178575,15405.6562419775,21905.7165340394,1497752.11811579,1100916.37182645,2012651.78462414,307.391517767962,62.6339730611385,867.946753777903,0.700300507967673,0.61547319625075,0.784366775562212
"659",2020-05-10,"France-OC19",154.057248482087,116.773732458764,203.552771574716,25299.8748185684,21648.7679378623,29375.6896052861,2208798.39668739,1638850.4775149,2955304.24373146,2414.5238910057,1013.46781556382,4939.55583990351,0.715756875632366,0.634004896842692,0.802565486098302
"660",2020-05-11,"France-OC19",143.439030990373,106.797700159689,191.526894718511,25443.3138495588,21755.565638022,29567.2165000046,2211101.78574265,1639801.16735621,2960075.47729269,2303.38905525461,950.689841314442,4771.2335612342,0.715729580504568,0.633996524788814,0.802518330837097
"661",2020-05-12,"France-OC19",133.585622707184,97.9169371701821,181.284970899826,25576.899472266,21853.4825751922,29748.5014709044,2213303.77122411,1640692.97264281,2964691.63534647,2201.98548146103,891.80528660155,4616.15805378213,0.715703529557432,0.6339886870294,0.802472869130414
"662",2020-05-13,"France-OC19",124.457972416086,89.9878001964941,171.17910749291,25701.3574446821,21943.4703753887,29919.6805783974,2215411.65150337,1641533.06098034,2969161.87066663,2107.88027926751,840.088337527448,4470.23532015128,0.71567861377968,0.633981332434125,0.802428922353982
"663",2020-05-14,"France-OC19",116.003619584083,82.5943567115431,162.059328172058,25817.3610642662,22026.0647321002,30081.7399065694,2217430.98766714,1642325.55804483,2973499.0351757,2019.33616376409,792.497064484515,4337.16450907143,0.71565475159135,0.633974420634222,0.802386364630755
"664",2020-05-15,"France-OC19",108.179060762111,75.7136079713812,153.242302688916,25925.5401250283,22101.7783400716,30234.9822092583,2219366.27820354,1643073.38311193,2977704.7521137,1935.29053640585,747.82506710515,4205.71693799963,0.715631881004054,0.633967919220217,0.802345111551564
"665",2020-05-16,"France-OC19",100.945450354286,69.3931165988483,145.010408504498,26026.4855753826,22171.1714566705,30379.9926177628,2221221.40449869,1643779.14445264,2981779.8318227,1855.12629514472,705.761340705097,4075.0797090078,0.715609951992579,0.633961800998649,0.80230510392276
"666",2020-05-17,"France-OC19",94.2616103535854,63.7792968571598,137.665134786982,26120.7471857361,22234.9507535276,30517.6577525498,2222999.8841682,1644444.1025961,2985728.43936472,1778.47966951559,664.958143465555,3948.60754201198,0.715588921456376,0.633956042130128,0.802266296195628
"667",2020-05-18,"France-OC19",88.0924352850984,58.3888459274764,131.366907515774,26208.8396210212,22293.3395994551,30649.0246600656,2224705.00191268,1645070.55498853,2989554.48655494,1705.11774447546,626.452392432045,3826.04719022623,0.715568750355998,0.633950621023284,0.80222864972271
"668",2020-05-19,"France-OC19",82.4035514057445,53.683208172434,124.650844636621,26291.243172427,22347.0228076275,30773.6755047022,2226339.87237783,1645660.75903947,2993261.80732907,1634.87046514693,590.204050938006,3707.32077412396,0.715549402236001,0.633945517723652,0.802192129282767
"669",2020-05-20,"France-OC19",77.1572992439938,49.2479887729999,118.02624098146,26368.400471671,22396.2707964005,30891.7017456837,2227907.46894775,1646216.80779467,2996859.54834315,1567.59656991881,556.048755197534,3597.7410140788,0.715530842517268,0.633940713587067,0.802156701469324
"670",2020-05-21,"France-OC19",72.3175232648616,45.2772226200175,112.039712785686,26440.7179949358,22441.5480190205,31003.7414584693,2229410.63705623,1646740.64275297,3000339.56299368,1503.16810848216,523.834958298819,3480.01465052992,0.71551303817457,0.633936191102545,0.802122334023651
"671",2020-05-22,"France-OC19",67.8518933486207,41.5639528651226,106.787477213862,26508.5698882845,22483.1119718857,31110.5289356832,2230852.10121654,1647234.10384977,3003711.23342612,1441.46416031319,493.461096800263,3371.67043243939,0.715495957588943,0.633931933788008,0.802088995597012
"672",2020-05-23,"France-OC19",63.731643601256,38.2858563069644,101.719237516906,26572.3015318857,22521.3978281926,31212.2481732001,2232234.46988405,1647701.25450306,3006978.03195132,1382.36866751006,467.150653293854,3266.79852520812,0.715479570470828,0.633927926119217,0.802056655684248
"673",2020-05-24,"France-OC19",59.9291910111443,35.2554925173136,97.1867406263315,26632.2307228969,22556.6533207099,31309.4349138264,2233560.23976949,1648141.85525495,3010143.48920416,1325.76988543357,440.600751887255,3165.45725284066,0.715463847807459,0.633924153473032,0.802025284612834
"674",2020-05-25,"France-OC19",56.4186220069907,32.6241546752757,92.7391695662581,26688.6493449039,22589.2774753852,31402.1740833927,2234831.80011431,1648556.97562837,3013210.25208502,1271.56034482858,415.120373419812,3066.76288085399,0.715448761816281,0.633920602076895,0.801994853541884
"675",2020-05-26,"France-OC19",53.1796945286336,30.1371072658073,88.9206851835547,26741.8290394325,22619.414582651,31491.0947685763,2236051.43701061,1648948.11133363,3016184.17960206,1219.63689629745,391.135705260384,2973.92751704297,0.715434285898622,0.63391725896141,0.801965334456854
"676",2020-05-27,"France-OC19",50.1848304350558,27.8727628748465,85.3766919243143,26792.0138698675,22647.2873455259,31576.4714605006,2237221.33771633,1649316.65957351,3019062.82280953,1169.90070572157,368.548239877627,2878.64320746923,0.715420394592742,0.633914111915074,0.801936700157798
"677",2020-05-28,"France-OC19",47.4151170899826,25.8817207307463,81.646672231234,26839.4289869575,22673.1690662566,31658.1181327318,2238343.59489979,1649663.8789181,3021851.81884385,1122.25718345931,347.219344597275,2788.99603432528,0.715407063526825,0.633911149441016,0.801908924242708
"678",2020-05-29,"France-OC19",44.8481385374582,24.0499627468389,78.2734028753703,26884.277125495,22697.2190290035,31736.3915356072,2239420.21076413,1649990.99444373,3024553.96814521,1076.61586433328,327.115525626284,2702.1493013525,0.715394269372659,0.63390836071577,0.801881981087968
"679",2020-05-30,"France-OC19",42.4628529531767,22.2914098628068,75.326335011342,26926.7399784482,22719.5104388663,31811.7178706185,2240453.10102334,1650299.18030278,3027172.14356332,1032.89025921895,308.185859048687,2618.17541811445,0.715381989800587,0.633905735550165,0.801855845827445
"680",2020-05-31,"France-OC19",40.2408483528758,20.7455798478711,72.3233322055291,26966.980826801,22740.2560187141,31884.041202824,2241444.0987173,1650589.54230224,3029710.46101496,990.997693960195,290.361999462262,2538.31745163817,0.715370203436034,0.633903264352323,0.801830494331185
"681",2020-06-01,"France-OC19",38.1703057529288,19.294419725802,69.6198909299974,27005.151132554,22759.5504384399,31953.661093754,2242394.95786274,1650863.11117407,3032176.94149338,950.85914543355,273.568871827071,2466.4804784174,0.715358889817799,0.633900938092729,0.801805903184255
"682",2020-06-02,"France-OC19",36.2364348528612,17.9900068899804,66.9886945254431,27041.3875674068,22777.5404453299,32020.6497882795,2243307.3569429,1651120.85805655,3034573.94014803,912.399080165497,257.746882476791,2396.99865465745,0.715348029358077,0.633898748271304,0.801782049665969
"683",2020-06-03,"France-OC19",34.4293608340449,16.7986281705412,64.800175307825,27075.8169282409,22794.3390735005,32085.4499635873,2244182.90224104,1651363.66767229,3036903.4042363,875.545298139309,242.809615743065,2329.46408826286,0.715337603304272,0.633896686886387,0.801758911729634
"684",2020-06-04,"France-OC19",32.7398102285102,15.6694744158347,62.3979672541109,27108.5567384694,22810.0085479163,32147.8479308414,2245023.13102392,1651592.25695548,3039165.00910627,840.228782877474,228.589283189519,2261.60486997453,0.71532759370248,0.633894746405517,0.801736467982846
"685",2020-06-05,"France-OC19",31.1583484164762,14.6190483416127,60.0251519432825,27139.7150868859,22824.6275962579,32207.8730827847,2245829.51458201,1651807.45866681,3041361.42676983,806.383558094169,215.201711328808,2196.41766355509,0.715317983362598,0.633892919737933,0.801714697668341
"686",2020-06-06,"France-OC19",29.6753608732896,13.6478068560032,57.8181717089291,27169.3904477592,22838.2754031139,32265.6912544936,2246603.46113286,1652010.06248063,3043497.69816253,773.946550843792,202.603813818595,2136.27139269908,0.715308755825009,0.633891200208677,0.80169358064539
"687",2020-06-07,"France-OC19",28.28353321824,12.7486843233864,56.0422248400003,27197.6739809774,22851.0240874373,32321.7334793336,2247346.3185938,1652200.81144527,3045570.54763649,742.857460940014,190.748964644571,2072.84947396752,0.71529989532873,0.633889581534215,0.801673097371728
"688",2020-06-08,"France-OC19",26.9739553801274,11.9153024295333,54.1907351649485,27224.6479363575,22862.9393898668,32375.9242144986,2248059.37723017,1652380.58693286,3047580.3445125,713.058636370252,179.775487590868,2009.79687600691,0.715291386780995,0.633888057799497,0.801653228886002
"689",2020-06-09,"France-OC19",25.7398834124619,11.1416710719618,52.2680626173981,27250.38781977,22874.0810609388,32428.192277116,2248743.87218459,1652550.31588777,3049528.99984861,684.494954424085,169.728954909162,1948.65533611416,0.715283215728179,0.633886623436343,0.801633956790719
"690",2020-06-10,"France-OC19",24.575823179355,10.4744659895494,50.458347175135,27274.9636429493,22884.5555269283,32478.6506242911,2249400.98589286,1652709.99816938,3051424.54022868,657.113708263902,159.68228160588,1895.54038006206,0.715275368328036,0.633885273203112,0.801615263235679
"691",2020-06-11,"France-OC19",23.4758189484204,9.85813448909568,48.7696195854281,27298.4394618978,22894.4136614174,32527.4202438765,2250031.85039154,1652860.13099625,3053258.33535196,630.864498680274,150.132826871131,1833.79512328128,0.715267831323146,0.633884002165555,0.801597130901892
"692",2020-06-12,"France-OC19",22.4346011768234,9.28312847330094,47.1101162711714,27320.8740630746,22903.6967898907,32574.5303601477,2250637.54952232,1653001.28543088,3055034.35077001,605.699130788587,141.154434633443,1776.0154180532,0.715260592015556,0.633882805678791,0.801579542985945
"693",2020-06-13,"France-OC19",21.4486396111046,8.70480030277115,45.5170782870272,27342.3227026857,22912.4015901935,32620.0474384347,2251219.12103776,1653134.07686724,3056756.22483701,581.571515436609,132.791436356967,1721.87406699612,0.715253638242545,0.633881679370341,0.80156248318483
"694",2020-06-14,"France-OC19",20.5132327780159,8.15433099828927,43.9870876540244,27362.8359354637,22920.5559211918,32664.0345260888,2251777.55861287,1653259.08830095,3058425.60298978,558.437575104413,125.011433709274,1669.37815277795,0.715246958353454,0.633880619124155,0.801545935681197
"695",2020-05-10,"France-EHPAD",37.7083733448161,27.8154142038955,50.9228745445697,11594.7801829295,9488.67341576088,14081.0294467712,83202.1278936565,57843.1475721225,116673.014443362,14.5527398200201,3.32797731947937,37.716210622075,0.529654946385636,0.419919766707369,0.639334460144295
"696",2020-05-11,"France-EHPAD",33.9772563034475,24.6675319475403,46.4912837332943,11628.7574392329,9513.34094770842,14127.5207305045,83215.5412474519,57846.1223414279,116708.2478268,13.4133537954143,2.97476930539458,35.2333834382343,0.529642314319594,0.419916564769296,0.639283232883633
"697",2020-05-12,"France-EHPAD",30.6028339676779,21.8230090211918,42.490175834406,11659.3602732006,9535.16395672961,14170.0109063389,83227.9345839017,57848.7775324113,116741.235344422,12.3933364498114,2.65519098344003,32.9875176218427,0.529630659170107,0.419913703077784,0.639235141099516
"698",2020-05-13,"France-EHPAD",27.55646705089,19.2659277448638,38.7164415769096,11686.9167402515,9554.42988447447,14208.7273479158,83239.4049226392,57851.1510202719,116772.175498874,11.4703387374974,2.37348786056579,30.9401544524971,0.529619878999216,0.419911141387828,0.639189931063079
"699",2020-05-14,"France-EHPAD",24.8056774231367,16.9661727574423,35.4339591721739,11711.7224176746,9571.39605723191,14244.161307088,83250.0323514094,57853.2747914002,116801.203038648,10.6274287702278,2.12377112832348,29.0275397737226,0.529609891120614,0.419908845424782,0.639147386301684
"700",2020-05-15,"France-EHPAD",22.3265322831086,14.9668934877275,32.5687147692695,11734.0489499577,9586.36295071964,14276.7300218573,83259.8851367429,57855.1764981012,116828.490959572,9.85278533353036,1.90170670094987,27.2879209239179,0.5296006274119,0.419906785919764,0.639107324048714
"701",2020-05-16,"France-EHPAD",20.0925612431529,13.1740697578653,29.7740146785728,11754.1415112009,9599.53702047751,14306.5040365358,83269.0232602979,57856.8799462461,116854.131482239,9.13812355497816,1.70344814492275,25.6405226674017,0.529592029873998,0.41990493757297,0.639069586055131
"702",2020-05-17,"France-EHPAD",18.0825976149824,11.589191940729,27.3432944205017,11772.2241088159,9611.12621241824,14333.8473309563,83277.5006182194,57858.4060849778,116878.224783415,8.4773579214645,1.52613873165184,24.0933011751806,0.529584047562081,0.419903278243126,0.639034031163075
"703",2020-05-18,"France-EHPAD",16.2786607963167,10.1660045096445,25.1594999977029,11788.5027696122,9621.29221692788,14359.006830954,83285.3663326606,57859.7734929834,116900.868850339,7.86571444123639,1.3674080056688,22.644066924152,0.529576634683335,0.419901788362835,0.639000530455698
"704",2020-05-19,"France-EHPAD",14.661993184232,8.95254586082129,23.0829089408914,11803.1647627964,9630.2447627887,14382.0897398949,83292.6655381708,57860.9987269114,116922.149412872,7.29920551018992,1.22523392796644,21.2805625334203,0.529569749469003,0.419900450521888,0.638968964369937
"705",2020-05-20,"France-EHPAD",13.2113874296317,7.86363709189762,21.1875092159724,11816.3761502261,9638.1083998806,14403.2772491109,83299.4398790983,57862.0965831691,116942.166757473,6.77434092748348,1.09785625771307,20.0173446004983,0.529563353503464,0.419899249162963,0.638945149052575
"706",2020-05-21,"France-EHPAD",11.9124992391668,6.90847798444674,19.4530359229263,11828.2886494652,9645.01687786505,14422.7302850338,83305.727855115,57863.0803052834,116960.96006892,6.28797601675384,0.983722114348837,18.7933114469498,0.529557411303927,0.41989817034942,0.638930408336205
"707",2020-05-22,"France-EHPAD",10.7466444571556,6.08689833955082,17.9046468183474,11839.0352939224,9651.1037762046,14440.6349318522,83311.5650882275,57863.9617558859,116978.642014707,5.83723311241795,0.881450602442459,17.6819457872112,0.529551890031132,0.419897201579283,0.638916518595032
"708",2020-05-23,"France-EHPAD",9.70096961183167,5.35185179573489,16.4952739368267,11848.7362635342,9656.45562800033,14457.130205789,83316.9845479261,57864.7526058484,116995.282073219,5.41945969862194,0.79084996250855,16.6400585123019,0.529546759267113,0.419896331629761,0.638903430821331
"709",2020-05-24,"France-EHPAD",8.76418102786246,4.69211917491007,15.2098739168012,11857.5004445621,9661.14774717524,14472.3400797058,83322.0167516672,57865.464037507,117011.013280454,5.03220374115984,0.711431658577393,15.7312072346333,0.529541990828298,0.419895550423202,0.638891098794188
"710",2020-05-25,"France-EHPAD",7.92556005372169,4.1305158159177,14.002528241814,11865.4260046158,9665.27826299116,14486.3426079476,83326.6899483117,57866.1040242793,117025.850279685,4.67319664443334,0.639986772312364,14.8369992310919,0.529537558599051,0.419894848909191,0.638879478928848
"711",2020-05-26,"France-EHPAD",7.1761307840642,3.62247649823753,12.8705000446938,11872.6021353999,9668.9007394894,14499.2131079923,83331.0302878,57866.6797399055,117039.822353703,4.34033948835371,0.575715626163778,13.9720740184719,0.529533438379229,0.419894218959657,0.63886853013553
"712",2020-05-27,"France-EHPAD",6.50633223382782,3.18760951931746,11.8904307733813,11879.1084676337,9672.08834900872,14511.1035387657,83335.0619785548,57867.1946594467,117052.964050311,4.03169075482931,0.514919541270704,13.1416966078533,0.529529607742914,0.419893653274974,0.638858213683681
"713",2020-05-28,"France-EHPAD",5.906351122596,2.81506473245015,10.9991961585621,11885.0148187563,9674.90341374117,14522.1027349243,83338.8074334574,57867.6546565617,117065.292334547,3.7454549025678,0.459997114979764,12.3282842358672,0.529526045907216,0.419893145299691,0.638848493071156
"714",2020-05-29,"France-EHPAD",5.36739082169658,2.48413944367052,10.1869220715436,11890.382209578,9677.38755318484,14532.2896569958,83342.2874050693,57868.0669384665,117076.864131524,3.47997161185369,0.412281904741396,11.5717969774242,0.529522733610395,0.419892689146809,0.638839333898769
"715",2020-05-30,"France-EHPAD",4.88190755807675,2.18736741300062,9.43307830123771,11895.2641171361,9679.57492059784,14541.722735297,83345.5211107454,57868.435672435,117087.799608901,3.23370567616282,0.368733968600136,10.9354773767169,0.529519652998825,0.419892279529717,0.638830703750688
"716",2020-05-31,"France-EHPAD",4.44197701763594,1.92266832544312,8.7396573690913,11899.7060941537,9681.49758892328,14550.4623926661,83348.5263482949,57868.7654604141,117098.084909657,3.0052375494836,0.329787979066657,10.2853007558933,0.529516787522294,0.419891911701028,0.638822572080934
"717",2020-06-01,"France-EHPAD",4.04456387215322,1.69273401578082,8.10439384824498,11903.7506580258,9683.19032293906,14558.5667865144,83351.3196028446,57869.0604441232,117107.747806946,2.79325454967557,0.29498370903794,9.66289728933157,0.529514121837092,0.419891581397617,0.638814910105975
"718",2020-06-02,"France-EHPAD",3.6850633630811,1.49208834781677,7.52107514593527,11907.4357213889,9684.68241128688,14566.0878616603,83353.9161455468,57869.3250775229,117116.825151941,2.59654270216674,0.264633399704976,9.07734499448192,0.529511641716374,0.419891284791246,0.638807690703295
"719",2020-06-03,"France-EHPAD",3.36027733474605,1.31040443837958,6.98545192455505,11910.7959987237,9685.99281572526,14573.0733135849,83356.3301247424,57869.5632467073,117125.365643741,2.41397919558515,0.238169184430686,8.54049179992782,0.529509333967268,0.41989101844421,0.638800888315703
"720",2020-06-04,"France-EHPAD",3.06734884122957,1.15809210250264,6.49549522388849,11913.8633475649,9687.15090782776,14579.5688088087,83358.5746501558,57869.7775981822,117133.376083654,2.244525413498,0.214351474891196,8.01043991366869,0.529507186354248,0.419890779269508,0.638794478861106
"721",2020-06-05,"France-EHPAD",2.80366170947357,1.02842213742306,6.06669013672857,11916.6670092744,9688.17932996518,14585.6354989455,83360.6618706592,57869.9705137952,117140.916810914,2.08722050332268,0.192915613008432,7.54072725980562,0.529505187528274,0.419890564495065,0.63878843964745
"722",2020-06-06,"France-EHPAD",2.56547309599359,0.906455876842461,5.63723871437566,11919.2324823704,9689.08578584203,14591.2727376599,83362.6030461024,57870.144137202,117148.033704883,1.94117544320885,0.173623406830039,7.11689396844998,0.529503326961286,0.419890371631605,0.63878274929257
"723",2020-06-07,"France-EHPAD",2.35045709955028,0.799971036376636,5.24642093031491,11921.5829394699,9689.8857568784,14596.5191585902,83364.4086136714,57870.3003976862,117154.723697325,1.80556756903986,0.156260484151555,6.68999244255287,0.529501594885617,0.419890198443804,0.638777387648631
"724",2020-06-08,"France-EHPAD",2.15561998112847,0.706611915113776,4.89415769768824,11923.738559451,9690.59236879352,14601.4133162879,83366.0882491973,57870.4407062261,117161.012389978,1.67963552584647,0.140308539910298,6.2886926523512,0.52949998223798,0.419890042924383,0.638772335730941
"725",2020-06-09,"France-EHPAD",1.97895479160541,0.626759661729821,4.59012865018921,11925.7175142427,9691.21912845524,14606.003444938,83367.6509238076,57870.5669428003,117166.934027081,1.56267461037812,0.126236574175494,5.92163710383945,0.529498480607652,0.41988990327084,0.638767575650849
"726",2020-06-10,"France-EHPAD",1.81842533724162,0.55793142024713,4.30957773544687,11927.5359395799,9691.77705987549,14610.3130226735,83369.1049562817,57870.6805188675,117172.510775709,1.45403247406584,0.113576067233066,5.57674862750828,0.529497082188542,0.419889777864561,0.638763090552516
"727",2020-06-11,"France-EHPAD",1.67225675951532,0.496992420047715,4.03361029663261,11929.2081963394,9692.27405229554,14614.3466329701,83370.4580614397,57870.7827042984,117177.755072179,1.35310515800977,0.102185430967942,5.2442964696092,0.529495779734848,0.419889665252061,0.638758864553323
"728",2020-06-12,"France-EHPAD",1.53893718058215,0.442818692758742,3.79112826763848,11930.74713352,9692.7168709883,14618.1377612378,83371.7173948736,57870.8744561652,117182.685715432,1.25933343387462,0.091751866762121,4.93064325324909,0.529494566520036,0.419889564128138,0.638754882687723
"729",2020-06-13,"France-EHPAD",1.41720525295713,0.392276509035406,3.56959118595537,11932.164338773,9693.10914749733,14621.7073524237,83372.8895943002,57870.9564258007,117187.320494339,1.17219942666113,0.0819696355097904,4.63477890683474,0.529493436298875,0.419889473320743,0.638751130854314
"730",2020-06-14,"France-EHPAD",1.30584966530058,0.347497994187829,3.3639382196019,11933.4701884383,9693.45664549152,14625.0712906433,83373.9808177975,57871.0296562717,117191.673200239,1.09122349724433,0.0732304709909401,4.35270590015914,0.529492383272302,0.419889391777399,0.638747595765976
"731",2020-06-15,"France-EHPAD",1.20408845660861,0.308087238150244,3.15079127171747,11934.6742768949,9693.76473272967,14628.222081915,83374.9967791618,57871.0953061643,117195.763791496,1.01596136433507,0.0656498925993886,4.09059125699943,0.529491402054905,0.419889318553,0.638744264902873
"732",2020-06-16,"France-EHPAD",1.11085326218922,0.273181864164302,2.96072486013423,11935.785130157,9694.03791459384,14631.1828067752,83375.942780609,57871.1544247404,117199.60804826,0.946001447142673,0.059118576071579,3.84425676374016,0.529490487644822,0.419889252798858,0.638741126468171
"733",2020-06-17,"France-EHPAD",1.02552749454492,0.242623074412402,2.77896403038411,11936.8106576516,9694.28053766825,14633.9617708056,83376.8237430205,57871.2076627146,117203.233119513,0.880962411508615,0.0532379742329172,3.62507125329066,0.529489635395862,0.419889193752868,0.638738169346305
"734",2020-06-18,"France-EHPAD",0.947496009801919,0.215894868620729,2.61204194791728,11937.7581536614,9694.49643253687,14636.5738127535,83377.6442339241,57871.2556128356,117206.645470212,0.820490903649528,0.0479501209787973,3.41235069886227,0.529488840991715,0.419889140730674,0.638735383063651
"735",2020-06-19,"France-EHPAD",0.876004157625374,0.192453071124872,2.45134718512977,11938.634157819,9694.68888560799,14639.0251599386,83378.408493381,57871.2988003196,117209.854415245,0.764259456904976,0.0431874840180999,3.2089450334533,0.529488100422047,0.419889093117736,0.638732757751475
"736",2020-06-20,"France-EHPAD",0.810355572533063,0.171618316051148,2.30110650412997,11939.4445133916,9694.86050392404,14641.3262664427,83379.1204579391,57871.3376982157,117212.87466802,0.711964558044162,0.0388978961181354,3.02025277494814,0.52948740996037,0.419889050362208,0.638730284111005
"737",2020-06-21,"France-EHPAD",0.749989642720787,0.153087463987772,2.16026410432022,11940.1945030343,9695.01359138803,14643.486530547,83379.7837827998,57871.3727325873,117215.715321376,0.663324860747513,0.0350343715760348,2.840653356258,0.529486766143545,0.419889011968545,0.638727953380534
"738",2020-06-22,"France-EHPAD",0.694369963685812,0.136582236989112,2.02697356645323,11940.888872998,9695.15017362502,14645.5135041135,83380.4018623347,57871.4042871789,117218.388382153,0.618079534857512,0.031554591561089,2.67306077615801,0.529486165752798,0.419888977491754,0.638725757304407
"739",2020-06-23,"France-EHPAD",0.643055225468212,0.122298215014681,1.91121346213388,11941.5319282234,9695.27247184004,14647.4247175756,83380.9778490756,57871.4327076194,117220.904916248,0.575986740892513,0.0284204405757884,2.51653409576882,0.529485605796112,0.419888946532241,0.638723688103803
"740",2020-06-24,"France-EHPAD",0.595688805458838,0.109459232701816,1.79716432969096,11942.1276170289,9695.38193107274,14649.2218819053,83381.5146712957,57871.4583052084,117223.271932039,0.536822220144375,0.0255975889579223,2.36701579024312,0.529485083491947,0.419888918731179,0.638721738449206
"741",2020-06-25,"France-EHPAD",0.551962838089108,0.0979518140054124,1.68799427065308,11942.679579867,9695.47988288674,14650.909876176,83382.0150492872,57871.4813603253,117225.502772362,0.500377991441789,0.0230551168506606,2.2308403229521,0.529484596254114,0.419888893766345,0.638719901434458
"742",2020-06-26,"France-EHPAD",0.511629441400097,0.0877250999064396,1.58758545572179,11943.1912093084,9695.56760798665,14652.4974616317,83382.4815104335,57871.5021255008,117227.603323674,0.466461146361683,0.02076517552243,2.10055131287393,0.529484141677784,0.419888871348392,0.638718170552313
"743",2020-06-27,"France-EHPAD",0.474432871890099,0.0786616126179928,1.49319133991639,11943.6656421803,9695.64626959927,14653.9906529716,83382.9164031688,57871.5208281831,117229.581108952,0.434892735314682,0.0187026823256621,1.97778527713147,0.529483717526515,0.41988885121749,0.638716539671402
"744",2020-06-28,"France-EHPAD",0.440121037862054,0.0703444704652996,1.39912804735643,11944.1057632181,9695.71661406973,14655.389781019,83383.3219099064,57871.537673229,117231.443136858,0.405506737524363,0.0168450459542774,1.86202790645457,0.529483321720208,0.419888833140318,0.638715003014528
"745",2020-06-29,"France-EHPAD",0.408428225413656,0.0628857792102162,1.31428438133385,11944.5141914435,9695.77949984894,14656.7040654003,83383.7000590148,57871.552845148,117233.196182112,0.378149108465306,0.0151719189901895,1.75304525390318,0.529482952323965,0.419888816907355,0.638713555138209
"746",2020-06-30,"France-EHPAD",0.379048158765077,0.0564859929309648,1.23150567225973,11944.8932396023,9695.83598584188,14657.9355710726,83384.0527359137,57871.5664331434,117234.846622989,0.352676898827234,0.0135879953667387,1.65044087703261,0.529482607537746,0.41988880233046,0.63871219091341
"747",2020-07-01,"France-EHPAD",0.351814916342118,0.050661764319989,1.15742411998192,11945.2450545187,9695.8866476062,14659.0929951926,83384.3816933532,57871.5785924287,117236.400464516,0.328957439535264,0.0121592852823863,1.55384152674722,0.529482285686763,0.41988878924068,0.638710905507378
"748",2020-07-02,"France-EHPAD",0.326580950329073,0.0451294213486016,1.09076667233804,11945.571635469,9695.93177702754,14660.1837618649,83384.688560941,57871.5894732336,117237.863300749,0.306867587781806,0.0108808048861583,1.46283623373702,0.529481985212611,0.419888777486303,0.638709694366535
"749",2020-07-03,"France-EHPAD",0.303199379477125,0.0401743403806721,1.02254623484852,11945.8748348485,9695.97195136792,14661.2063080997,83384.9748539704,57871.5992099902,117239.240390767,0.286293029417918,0.00973675664407609,1.37709001724387,0.52948170466499,0.419888766931094,0.63870855320035
"750",2020-07-04,"France-EHPAD",0.281544477023257,0.0357711948130528,0.96103950473559,11946.1563793255,9696.00772256274,14662.1673476045,83385.2419816038,57871.6079229945,117240.536924671,0.267127633413022,0.00871300430535648,1.29653390404279,0.52948144269407,0.419888757452713,0.638707477966149
"751",2020-07-05,"France-EHPAD",0.261499633018246,0.0318754053948249,0.902147310018253,11946.4178789585,9696.03959796813,14663.0694949145,83385.4912544582,57871.6157198927,117241.757684112,0.249272854424317,0.00779689819238456,1.22075944119918,0.529481198043377,0.419888748941305,0.638706464854798
"752",2020-07-06,"France-EHPAD",0.242944216466476,0.0284277373964364,0.848868465646694,11946.660823175,9696.06802570553,14663.9183633801,83385.7238916381,57871.6227288826,117242.909478546,0.232637179823709,0.00700898987283328,1.15179443425482,0.529480969543211,0.41988874129822,0.638705510277213
"753",2020-07-07,"France-EHPAD",0.225772212052878,0.0253868551822702,0.797412510245144,11946.886595387,9696.09341256071,14664.7157758904,83385.9410272559,57871.6290339902,117243.995447846,0.217135617812317,0.00630510759746117,1.08596929972362,0.529480756104524,0.419888734434872,0.638704610851652
"754",2020-07-08,"France-EHPAD",0.209854991482264,0.0226830979094245,0.74974411905348,11947.0964503785,9696.11609565862,14665.4655200094,83386.1437164794,57871.6347059075,117245.017242317,0.202689223512606,0.00567191733560784,1.02179447114498,0.529480556713254,0.419888728271715,0.638703763391736
"755",2020-07-09,"France-EHPAD",0.195099408443515,0.0202730419400223,0.704936692601445,11947.2915497869,9696.13636870056,14666.170456702,83386.3329411396,57871.6398082265,117245.978654639,0.189224660167853,0.00510231893619542,0.961412322254536,0.529480370425049,0.419888722737316,0.638702964895166
